"Points:0","Points:1","Points:2"
1,-0.00126,0
0.9901,-0.0026412,0
0.97914,-0.00415,0
0.96704,-0.0057923,0
0.95372,-0.0075731,0
0.9391,-0.0094959,0
0.92309,-0.011562,0
0.90564,-0.013773,0
0.88667,-0.016124,0
0.86614,-0.018611,0
0.84403,-0.021225,0
0.82031,-0.023954,0
0.795,-0.026783,0
0.76815,-0.029692,0
0.73982,-0.032656,0
0.7101,-0.035649,0
0.67914,-0.038638,0
0.64709,-0.041587,0
0.61413,-0.044456,0
0.58048,-0.047205,0
0.54638,-0.049788,0
0.51206,-0.052163,0
0.47778,-0.054287,0
0.44378,-0.056121,0
0.41031,-0.05763,0
0.3776,-0.058786,0
0.34585,-0.059568,0
0.31525,-0.059965,0
0.28594,-0.059973,0
0.25806,-0.059598,0
0.2317,-0.058852,0
0.20692,-0.057757,0
0.18376,-0.056337,0
0.16222,-0.05462,0
0.1423,-0.052636,0
0.12396,-0.050417,0
0.10716,-0.047993,0
0.091832,-0.045389,0
0.077911,-0.042631,0
0.065325,-0.039738,0
0.054,-0.036725,0
0.043862,-0.033601,0
0.034843,-0.030369,0
0.026882,-0.027026,0
0.019931,-0.02356,0
0.01396,-0.019952,0
0.0089723,-0.016178,0
0.0050086,-0.012223,0
0.0021576,-0.0081093,0
0.00050357,-0.0039575,0
0,0,0
0.00050357,0.0039575,0
0.0021576,0.0081093,0
0.0050086,0.012223,0
0.0089723,0.016178,0
0.01396,0.019952,0
0.019931,0.02356,0
0.026882,0.027026,0
0.034843,0.030369,0
0.043862,0.033601,0
0.054,0.036725,0
0.065325,0.039738,0
0.077911,0.042631,0
0.091832,0.045389,0
0.10716,0.047993,0
0.12396,0.050417,0
0.1423,0.052636,0
0.16222,0.05462,0
0.18376,0.056337,0
0.20692,0.057757,0
0.2317,0.058852,0
0.25806,0.059598,0
0.28594,0.059973,0
0.31525,0.059965,0
0.34585,0.059568,0
0.3776,0.058786,0
0.41031,0.05763,0
0.44378,0.056121,0
0.47778,0.054287,0
0.51206,0.052163,0
0.54638,0.049788,0
0.58048,0.047205,0
0.61413,0.044456,0
0.64709,0.041587,0
0.67914,0.038638,0
0.7101,0.035649,0
0.73982,0.032656,0
0.76815,0.029692,0
0.795,0.026783,0
0.82031,0.023954,0
0.84403,0.021225,0
0.86614,0.018611,0
0.88667,0.016124,0
0.90564,0.013773,0
0.92309,0.011562,0
0.9391,0.0094959,0
0.95372,0.0075731,0
0.96704,0.0057923,0
0.97914,0.00415,0
0.9901,0.0026412,0
1,0.00126,0
1,0,0
1,-0.00126,0
1.0012,-0.0025004,0
0.99045,-0.0045583,0
0.9794,-0.006181,0
0.96728,-0.0078252,0
0.95396,-0.0095955,0
0.93933,-0.011508,0
0.92332,-0.013565,0
0.90586,-0.015767,0
0.88689,-0.018111,0
0.86636,-0.020592,0
0.84424,-0.0232,0
0.82051,-0.025925,0
0.7952,-0.02875,0
0.76834,-0.031655,0
0.74,-0.034617,0
0.71028,-0.037608,0
0.67931,-0.040595,0
0.64725,-0.043542,0
0.61429,-0.046411,0
0.58063,-0.049159,0
0.54652,-0.051743,0
0.51219,-0.054118,0
0.47789,-0.056243,0
0.44388,-0.058078,0
0.4104,-0.059588,0
0.37767,-0.060745,0
0.3459,-0.06153,0
0.31527,-0.061929,0
0.28594,-0.061939,0
0.25804,-0.061567,0
0.23165,-0.060825,0
0.20684,-0.059732,0
0.18364,-0.058315,0
0.16207,-0.0566,0
0.14211,-0.05462,0
0.12373,-0.052403,0
0.10688,-0.049979,0
0.091496,-0.047376,0
0.077517,-0.044617,0
0.064866,-0.04172,0
0.053467,-0.038699,0
0.043245,-0.035561,0
0.034127,-0.032306,0
0.026048,-0.028924,0
0.018957,-0.025394,0
0.01282,-0.021683,0
0.0076365,-0.017744,0
0.0034589,-0.013537,0
0.00040242,-0.0090685,0
-0.0014017,-0.0044716,0
-0.0019617,-1.7897e-13,0
-0.0014017,0.0044716,0
0.00040242,0.0090685,0
0.0034589,0.013537,0
0.0076365,0.017744,0
0.01282,0.021683,0
0.018957,0.025394,0
0.026048,0.028924,0
0.034127,0.032306,0
0.043245,0.035561,0
0.053467,0.038699,0
0.064866,0.04172,0
0.077517,0.044617,0
0.091496,0.047376,0
0.10688,0.049979,0
0.12373,0.052403,0
0.14211,0.05462,0
0.16207,0.0566,0
0.18364,0.058315,0
0.20684,0.059732,0
0.23165,0.060825,0
0.25804,0.061567,0
0.28594,0.061939,0
0.31527,0.061929,0
0.3459,0.06153,0
0.37767,0.060745,0
0.4104,0.059588,0
0.44388,0.058078,0
0.47789,0.056243,0
0.51219,0.054118,0
0.54652,0.051743,0
0.58063,0.049159,0
0.61429,0.046411,0
0.64725,0.043542,0
0.67931,0.040595,0
0.71028,0.037608,0
0.74,0.034617,0
0.76834,0.031655,0
0.7952,0.02875,0
0.82051,0.025925,0
0.84424,0.0232,0
0.86636,0.020592,0
0.88689,0.018111,0
0.90586,0.015767,0
0.92332,0.013565,0
0.93933,0.011508,0
0.95396,0.0095955,0
0.96728,0.0078252,0
0.9794,0.006181,0
0.99045,0.0045583,0
1.0012,0.0025004,0
1.0008,2.2064e-12,0
1.0012,-0.0025004,0
1.003,-0.0041003,0
0.99097,-0.0067813,0
0.97974,-0.008658,0
0.96757,-0.010329,0
0.95423,-0.01208,0
0.9396,-0.013967,0
0.92358,-0.016001,0
0.90612,-0.018183,0
0.88714,-0.020509,0
0.8666,-0.022973,0
0.84447,-0.025568,0
0.82075,-0.028281,0
0.79543,-0.031096,0
0.76856,-0.033993,0
0.74022,-0.036947,0
0.71049,-0.039932,0
0.67951,-0.042914,0
0.64745,-0.045858,0
0.61447,-0.048724,0
0.58081,-0.05147,0
0.54668,-0.054053,0
0.51234,-0.056428,0
0.47803,-0.058554,0
0.444,-0.06039,0
0.4105,-0.061903,0
0.37775,-0.063064,0
0.34596,-0.063853,0
0.31531,-0.064257,0
0.28595,-0.064274,0
0.25802,-0.063909,0
0.2316,-0.063174,0
0.20675,-0.06209,0
0.18351,-0.060682,0
0.1619,-0.058978,0
0.14189,-0.057008,0
0.12346,-0.054802,0
0.10655,-0.05239,0
0.091103,-0.049798,0
0.077053,-0.047048,0
0.064321,-0.044158,0
0.052829,-0.04114,0
0.042497,-0.037997,0
0.033251,-0.034722,0
0.02502,-0.031298,0
0.017747,-0.027688,0
0.011394,-0.023837,0
0.0059659,-0.019676,0
0.0015286,-0.015139,0
-0.0017714,-0.010227,0
-0.0037543,-0.0050872,0
-0.0043818,-1.0536e-12,0
-0.0037543,0.0050872,0
-0.0017714,0.010227,0
0.0015286,0.015139,0
0.0059659,0.019676,0
0.011394,0.023837,0
0.017747,0.027688,0
0.02502,0.031298,0
0.033251,0.034722,0
0.042497,0.037997,0
0.052829,0.04114,0
0.064321,0.044158,0
0.077053,0.047048,0
0.091103,0.049798,0
0.10655,0.05239,0
0.12346,0.054802,0
0.14189,0.057008,0
0.1619,0.058978,0
0.18351,0.060682,0
0.20675,0.06209,0
0.2316,0.063174,0
0.25802,0.063909,0
0.28595,0.064274,0
0.31531,0.064257,0
0.34596,0.063853,0
0.37775,0.063064,0
0.4105,0.061903,0
0.444,0.06039,0
0.47803,0.058554,0
0.51234,0.056428,0
0.54668,0.054053,0
0.58081,0.05147,0
0.61447,0.048724,0
0.64745,0.045858,0
0.67951,0.042914,0
0.71049,0.039932,0
0.74022,0.036947,0
0.76856,0.033993,0
0.79543,0.031096,0
0.82075,0.028281,0
0.84447,0.025568,0
0.8666,0.022973,0
0.88714,0.020509,0
0.90612,0.018183,0
0.92358,0.016001,0
0.9396,0.013967,0
0.95423,0.01208,0
0.96757,0.010329,0
0.97974,0.008658,0
0.99097,0.0067813,0
1.003,0.0041003,0
1.0019,6.5903e-12,0
1.003,-0.0041003,0
1.0047,-0.0058723,0
0.99172,-0.0093552,0
0.98022,-0.01164,0
0.96793,-0.013395,0
0.95455,-0.015131,0
0.9399,-0.016978,0
0.92388,-0.01897,0
0.90641,-0.021114,0
0.88743,-0.023407,0
0.86688,-0.025843,0
0.84475,-0.028412,0
0.82101,-0.031103,0
0.79569,-0.033899,0
0.76882,-0.036779,0
0.74047,-0.03972,0
0.71073,-0.042694,0
0.67975,-0.045666,0
0.64767,-0.048603,0
0.61469,-0.051463,0
0.58101,-0.054206,0
0.54688,-0.056786,0
0.51252,-0.059161,0
0.4782,-0.061288,0
0.44415,-0.063127,0
0.41063,-0.064645,0
0.37786,-0.065812,0
0.34604,-0.066608,0
0.31536,-0.067022,0
0.28597,-0.06705,0
0.258,-0.066697,0
0.23154,-0.065978,0
0.20665,-0.06491,0
0.18337,-0.063521,0
0.16171,-0.061837,0
0.14164,-0.059889,0
0.12315,-0.057707,0
0.10617,-0.055319,0
0.090645,-0.052752,0
0.076507,-0.050027,0
0.063674,-0.047159,0
0.052064,-0.044156,0
0.041595,-0.041016,0
0.032185,-0.037722,0
0.023758,-0.034241,0
0.016251,-0.030515,0
0.0096289,-0.026465,0
0.0039066,-0.021998,0
-0.00082503,-0.017035,0
-0.0043858,-0.01158,0
-0.0065528,-0.0057995,0
-0.0072489,-3.9037e-12,0
-0.0065528,0.0057995,0
-0.0043858,0.01158,0
-0.00082503,0.017035,0
0.0039066,0.021998,0
0.0096289,0.026465,0
0.016251,0.030515,0
0.023758,0.034241,0
0.032185,0.037722,0
0.041595,0.041016,0
0.052064,0.044156,0
0.063674,0.047159,0
0.076507,0.050027,0
0.090645,0.052752,0
0.10617,0.055319,0
0.12315,0.057707,0
0.14164,0.059889,0
0.16171,0.061837,0
0.18337,0.063521,0
0.20665,0.06491,0
0.23154,0.065978,0
0.258,0.066697,0
0.28597,0.06705,0
0.31536,0.067022,0
0.34604,0.066608,0
0.37786,0.065812,0
0.41063,0.064645,0
0.44415,0.063127,0
0.4782,0.061288,0
0.51252,0.059161,0
0.54688,0.056786,0
0.58101,0.054206,0
0.61469,0.051463,0
0.64767,0.048603,0
0.67975,0.045666,0
0.71073,0.042694,0
0.74047,0.03972,0
0.76882,0.036779,0
0.79569,0.033899,0
0.82101,0.031103,0
0.84475,0.028412,0
0.86688,0.025843,0
0.88743,0.023407,0
0.90641,0.021114,0
0.92388,0.01897,0
0.9399,0.016978,0
0.95455,0.015131,0
0.96793,0.013395,0
0.98022,0.01164,0
0.99172,0.0093552,0
1.0047,0.0058723,0
1.0035,1.2252e-11,0
1.0047,-0.0058723,0
1.0065,-0.0077199,0
0.99278,-0.012308,0
0.9809,-0.015176,0
0.96839,-0.017118,0
0.95493,-0.018868,0
0.94025,-0.020665,0
0.92422,-0.022594,0
0.90674,-0.024677,0
0.88775,-0.026916,0
0.8672,-0.029304,0
0.84506,-0.031833,0
0.82132,-0.034488,0
0.79599,-0.037253,0
0.76911,-0.040107,0
0.74075,-0.043025,0
0.71101,-0.04598,0
0.68002,-0.048937,0
0.64793,-0.051861,0
0.61494,-0.054712,0
0.58126,-0.057448,0
0.54711,-0.060025,0
0.51273,-0.062399,0
0.47839,-0.064527,0
0.44433,-0.066371,0
0.41078,-0.067895,0
0.37799,-0.069071,0
0.34614,-0.06988,0
0.31543,-0.070308,0
0.28601,-0.070354,0
0.258,-0.070022,0
0.23149,-0.069327,0
0.20655,-0.068287,0
0.18322,-0.066928,0
0.16149,-0.065278,0
0.14136,-0.063367,0
0.12279,-0.061225,0
0.10573,-0.058881,0
0.090113,-0.056358,0
0.075867,-0.053677,0
0.062909,-0.050849,0
0.051153,-0.047874,0
0.040509,-0.044741,0
0.030887,-0.041417,0
0.022206,-0.037846,0
0.014403,-0.033945,0
0.00745,-0.02961,0
0.0013838,-0.024732,0
-0.0036729,-0.01923,0
-0.0075059,-0.013125,0
-0.009857,-0.006605,0
-0.01062,-1.0579e-11,0
-0.009857,0.006605,0
-0.0075059,0.013125,0
-0.0036729,0.01923,0
0.0013838,0.024732,0
0.00745,0.02961,0
0.014403,0.033945,0
0.022206,0.037846,0
0.030887,0.041417,0
0.040509,0.044741,0
0.051153,0.047874,0
0.062909,0.050849,0
0.075867,0.053677,0
0.090113,0.056358,0
0.10573,0.058881,0
0.12279,0.061225,0
0.14136,0.063367,0
0.16149,0.065278,0
0.18322,0.066928,0
0.20655,0.068287,0
0.23149,0.069327,0
0.258,0.070022,0
0.28601,0.070354,0
0.31543,0.070308,0
0.34614,0.06988,0
0.37799,0.069071,0
0.41078,0.067895,0
0.44433,0.066371,0
0.47839,0.064527,0
0.51273,0.062399,0
0.54711,0.060025,0
0.58126,0.057448,0
0.61494,0.054712,0
0.64793,0.051861,0
0.68002,0.048937,0
0.71101,0.04598,0
0.74075,0.043025,0
0.76911,0.040107,0
0.79599,0.037253,0
0.82132,0.034488,0
0.84506,0.031833,0
0.8672,0.029304,0
0.88775,0.026916,0
0.90674,0.024677,0
0.92422,0.022594,0
0.94025,0.020665,0
0.95493,0.018868,0
0.96839,0.017118,0
0.9809,0.015176,0
0.99278,0.012308,0
1.0065,0.0077199,0
1.0055,2.0097e-11,0
1.0065,-0.0077199,0
1.0084,-0.0096072,0
0.99427,-0.015643,0
0.9819,-0.019296,0
0.96903,-0.021579,0
0.9554,-0.023414,0
0.94066,-0.025174,0
0.9246,-0.027022,0
0.90712,-0.029016,0
0.88812,-0.031173,0
0.86757,-0.033489,0
0.84542,-0.035953,0
0.82167,-0.038553,0
0.79633,-0.041271,0
0.76945,-0.044084,0
0.74108,-0.046968,0
0.71133,-0.049894,0
0.68033,-0.052828,0
0.64824,-0.055733,0
0.61524,-0.05857,0
0.58154,-0.061295,0
0.54737,-0.063866,0
0.51299,-0.066238,0
0.47863,-0.068368,0
0.44454,-0.070217,0
0.41097,-0.071751,0
0.37815,-0.072941,0
0.34627,-0.073768,0
0.31552,-0.074219,0
0.28606,-0.074292,0
0.258,-0.073992,0
0.23144,-0.073332,0
0.20645,-0.072334,0
0.18305,-0.071022,0
0.16125,-0.069425,0
0.14105,-0.067572,0
0.12239,-0.065493,0
0.10523,-0.063216,0
0.0895,-0.060762,0
0.075124,-0.058148,0
0.062012,-0.055377,0
0.050069,-0.052441,0
0.039199,-0.049308,0
0.029302,-0.045922,0
0.020296,-0.042201,0
0.012121,-0.038036,0
0.0047709,-0.033306,0
-0.0016875,-0.027894,0
-0.0070958,-0.021733,0
-0.011208,-0.014864,0
-0.013741,-0.0075032,0
-0.014568,-2.3188e-11,0
-0.013741,0.0075032,0
-0.011208,0.014864,0
-0.0070958,0.021733,0
-0.0016875,0.027894,0
0.0047709,0.033306,0
0.012121,0.038036,0
0.020296,0.042201,0
0.029302,0.045922,0
0.039199,0.049308,0
0.050069,0.052441,0
0.062012,0.055377,0
0.075124,0.058148,0
0.0895,0.060762,0
0.10523,0.063216,0
0.12239,0.065493,0
0.14105,0.067572,0
0.16125,0.069425,0
0.18305,0.071022,0
0.20645,0.072334,0
0.23144,0.073332,0
0.258,0.073992,0
0.28606,0.074292,0
0.31552,0.074219,0
0.34627,0.073768,0
0.37815,0.072941,0
0.41097,0.071751,0
0.44454,0.070217,0
0.47863,0.068368,0
0.51299,0.066238,0
0.54737,0.063866,0
0.58154,0.061295,0
0.61524,0.05857,0
0.64824,0.055733,0
0.68033,0.052828,0
0.71133,0.049894,0
0.74108,0.046968,0
0.76945,0.044084,0
0.79633,0.041271,0
0.82167,0.038553,0
0.84542,0.035953,0
0.86757,0.033489,0
0.88812,0.031173,0
0.90712,0.029016,0
0.9246,0.027022,0
0.94066,0.025174,0
0.9554,0.023414,0
0.96903,0.021579,0
0.9819,0.019296,0
0.99427,0.015643,0
1.0084,0.0096072,0
1.0078,3.1017e-11,0
1.0084,-0.0096072,0
1.0106,-0.011526,0
0.9963,-0.019336,0
0.98332,-0.024015,0
0.96996,-0.02684,0
0.95602,-0.028888,0
0.94114,-0.030662,0
0.92503,-0.032427,0
0.90752,-0.034307,0
0.88852,-0.036348,0
0.86797,-0.038557,0
0.84582,-0.040928,0
0.82207,-0.043447,0
0.79673,-0.046094,0
0.76984,-0.048848,0
0.74146,-0.051681,0
0.71171,-0.054564,0
0.6807,-0.057463,0
0.64859,-0.06034,0
0.61558,-0.063155,0
0.58187,-0.065865,0
0.54769,-0.068427,0
0.51329,-0.070795,0
0.47891,-0.072928,0
0.4448,-0.074785,0
0.4112,-0.076332,0
0.37834,-0.077543,0
0.34643,-0.078395,0
0.31564,-0.078878,0
0.28613,-0.07899,0
0.25802,-0.078736,0
0.23141,-0.07813,0
0.20635,-0.077193,0
0.18288,-0.07595,0
0.161,-0.07443,0
0.1407,-0.072662,0
0.12194,-0.070676,0
0.10467,-0.068496,0
0.088804,-0.066141,0
0.074267,-0.063618,0
0.06096,-0.06092,0
0.048777,-0.058016,0
0.03761,-0.054852,0
0.027357,-0.051343,0
0.017935,-0.04738,0
0.0093063,-0.042836,0
0.0014919,-0.037579,0
-0.0054041,-0.031501,0
-0.011187,-0.024553,0
-0.015584,-0.016804,0
-0.018293,-0.0084961,0
-0.019183,-4.3755e-11,0
-0.018293,0.0084961,0
-0.015584,0.016804,0
-0.011187,0.024553,0
-0.0054041,0.031501,0
0.0014919,0.037579,0
0.0093063,0.042836,0
0.017935,0.04738,0
0.027357,0.051343,0
0.03761,0.054852,0
0.048777,0.058016,0
0.06096,0.06092,0
0.074267,0.063618,0
0.088804,0.066141,0
0.10467,0.068496,0
0.12194,0.070676,0
0.1407,0.072662,0
0.161,0.07443,0
0.18288,0.07595,0
0.20635,0.077193,0
0.23141,0.07813,0
0.25802,0.078736,0
0.28613,0.07899,0
0.31564,0.078878,0
0.34643,0.078395,0
0.37834,0.077543,0
0.4112,0.076332,0
0.4448,0.074785,0
0.47891,0.072928,0
0.51329,0.070795,0
0.54769,0.068427,0
0.58187,0.065865,0
0.61558,0.063155,0
0.64859,0.06034,0
0.6807,0.057463,0
0.71171,0.054564,0
0.74146,0.051681,0
0.76984,0.048848,0
0.79673,0.046094,0
0.82207,0.043447,0
0.84582,0.040928,0
0.86797,0.038557,0
0.88852,0.036348,0
0.90752,0.034307,0
0.92503,0.032427,0
0.94114,0.030662,0
0.95602,0.028888,0
0.96996,0.02684,0
0.98332,0.024015,0
0.9963,0.019336,0
1.0106,0.011526,0
1.0105,4.594e-11,0
1.0106,-0.011526,0
1.0132,-0.013483,0
0.99897,-0.023347,0
0.98532,-0.029323,0
0.9713,-0.032943,0
0.9569,-0.035389,0
0.94175,-0.037286,0
0.92551,-0.039007,0
0.90796,-0.040761,0
0.88896,-0.04265,0
0.8684,-0.044711,0
0.84626,-0.046948,0
0.82251,-0.04935,0
0.79717,-0.051896,0
0.77027,-0.054563,0
0.7419,-0.057323,0
0.71214,-0.060145,0
0.68112,-0.062994,0
0.64901,-0.06583,0
0.61598,-0.068615,0
0.58226,-0.071303,0
0.54807,-0.073851,0
0.51364,-0.076213,0
0.47924,-0.078349,0
0.44511,-0.080217,0
0.41148,-0.081783,0
0.37859,-0.083021,0
0.34663,-0.08391,0
0.3158,-0.084439,0
0.28623,-0.084606,0
0.25807,-0.084417,0
0.23139,-0.083887,0
0.20626,-0.083036,0
0.1827,-0.081892,0
0.16074,-0.080481,0
0.14034,-0.078835,0
0.12146,-0.076978,0
0.10405,-0.074932,0
0.088024,-0.072706,0
0.073285,-0.070294,0
0.059724,-0.067666,0
0.047222,-0.064764,0
0.035665,-0.061505,0
0.02495,-0.057777,0
0.015013,-0.053449,0
0.0058425,-0.048386,0
-0.0025015,-0.042458,0
-0.0098762,-0.035571,0
-0.016053,-0.027703,0
-0.020739,-0.018952,0
-0.023623,-0.009589,0
-0.024573,-7.3977e-11,0
-0.023623,0.009589,0
-0.020739,0.018952,0
-0.016053,0.027703,0
-0.0098762,0.035571,0
-0.0025015,0.042458,0
0.0058425,0.048386,0
0.015013,0.053449,0
0.02495,0.057777,0
0.035665,0.061505,0
0.047222,0.064764,0
0.059724,0.067666,0
0.073285,0.070294,0
0.088024,0.072706,0
0.10405,0.074932,0
0.12146,0.076978,0
0.14034,0.078835,0
0.16074,0.080481,0
0.1827,0.081892,0
0.20626,0.083036,0
0.23139,0.083887,0
0.25807,0.084417,0
0.28623,0.084606,0
0.3158,0.084439,0
0.34663,0.08391,0
0.37859,0.083021,0
0.41148,0.081783,0
0.44511,0.080217,0
0.47924,0.078349,0
0.51364,0.076213,0
0.54807,0.073851,0
0.58226,0.071303,0
0.61598,0.068615,0
0.64901,0.06583,0
0.68112,0.062994,0
0.71214,0.060145,0
0.7419,0.057323,0
0.77027,0.054563,0
0.79717,0.051896,0
0.82251,0.04935,0
0.84626,0.046948,0
0.8684,0.044711,0
0.88896,0.04265,0
0.90796,0.040761,0
0.92551,0.039007,0
0.94175,0.037286,0
0.9569,0.035389,0
0.9713,0.032943,0
0.98532,0.029323,0
0.99897,0.023347,0
1.0132,0.013483,0
1.0136,6.5839e-11,0
1.0132,-0.013483,0
1.0164,-0.015488,0
1.0024,-0.027627,0
0.98805,-0.035199,0
0.97325,-0.039902,0
0.9582,-0.04299,0
0.94259,-0.045185,0
0.92611,-0.046958,0
0.90845,-0.048614,0
0.88941,-0.050333,0
0.86886,-0.052203,0
0.84672,-0.054256,0
0.82298,-0.056493,0
0.79765,-0.058896,0
0.77076,-0.06144,0
0.74239,-0.064096,0
0.71262,-0.066831,0
0.6816,-0.069608,0
0.64948,-0.072388,0
0.61645,-0.075128,0
0.58272,-0.077784,0
0.54851,-0.080312,0
0.51407,-0.082667,0
0.47964,-0.084805,0
0.44548,-0.086688,0
0.41182,-0.088281,0
0.37889,-0.089556,0
0.34689,-0.090495,0
0.31601,-0.091087,0
0.28639,-0.09133,0
0.25816,-0.091232,0
0.23141,-0.090807,0
0.2062,-0.090078,0
0.18256,-0.08907,0
0.16049,-0.087812,0
0.13998,-0.086331,0
0.12097,-0.084648,0
0.10339,-0.082774,0
0.087156,-0.080702,0
0.072151,-0.0784,0
0.058248,-0.07581,0
0.04532,-0.072844,0
0.03325,-0.069387,0
0.021954,-0.065309,0
0.011394,-0.060469,0
0.0015954,-0.05473,0
-0.0073401,-0.047976,0
-0.015231,-0.040131,0
-0.021821,-0.031204,0
-0.026801,-0.021325,0
-0.029859,-0.01079,0
-0.030867,-1.1508e-10,0
-0.029859,0.01079,0
-0.026801,0.021325,0
-0.021821,0.031204,0
-0.015231,0.040131,0
-0.0073401,0.047976,0
0.0015954,0.05473,0
0.011394,0.060469,0
0.021954,0.065309,0
0.03325,0.069387,0
0.04532,0.072844,0
0.058248,0.07581,0
0.072151,0.0784,0
0.087156,0.080702,0
0.10339,0.082774,0
0.12097,0.084648,0
0.13998,0.086331,0
0.16049,0.087812,0
0.18256,0.08907,0
0.2062,0.090078,0
0.23141,0.090807,0
0.25816,0.091232,0
0.28639,0.09133,0
0.31601,0.091087,0
0.34689,0.090495,0
0.37889,0.089556,0
0.41182,0.088281,0
0.44548,0.086688,0
0.47964,0.084805,0
0.51407,0.082667,0
0.54851,0.080312,0
0.58272,0.077784,0
0.61645,0.075128,0
0.64948,0.072388,0
0.6816,0.069608,0
0.71262,0.066831,0
0.74239,0.064096,0
0.77076,0.06144,0
0.79765,0.058896,0
0.82298,0.056493,0
0.84672,0.054256,0
0.86886,0.052203,0
0.88941,0.050333,0
0.90845,0.048614,0
0.92611,0.046958,0
0.94259,0.045185,0
0.9582,0.04299,0
0.97325,0.039902,0
0.98805,0.035199,0
1.0024,0.027627,0
1.0164,0.015488,0
1.0172,9.1657e-11,0
1.0164,-0.015488,0
1.0204,-0.017575,0
1.0067,-0.032179,0
0.99168,-0.04166,0
0.976,-0.047756,0
0.96011,-0.051766,0
0.94385,-0.054487,0
0.92693,-0.056475,0
0.90903,-0.058119,0
0.88989,-0.059684,0
0.86932,-0.061334,0
0.8472,-0.063151,0
0.82349,-0.065163,0
0.79818,-0.067366,0
0.7713,-0.069738,0
0.74294,-0.072248,0
0.71318,-0.074861,0
0.68216,-0.077538,0
0.65004,-0.080238,0
0.617,-0.082916,0
0.58325,-0.085528,0
0.54903,-0.088028,0
0.51457,-0.090371,0
0.48012,-0.092513,0
0.44593,-0.094415,0
0.41224,-0.096043,0
0.37927,-0.09737,0
0.34722,-0.098377,0
0.31628,-0.099055,0
0.28661,-0.099403,0
0.25831,-0.099429,0
0.23148,-0.09915,0
0.20619,-0.098587,0
0.18245,-0.097766,0
0.16028,-0.096715,0
0.13963,-0.095452,0
0.12046,-0.09399,0
0.10268,-0.092318,0
0.086166,-0.090402,0
0.070796,-0.088179,0
0.056428,-0.085557,0
0.042934,-0.082418,0
0.03021,-0.078629,0
0.0182,-0.074046,0
0.0069041,-0.068529,0
-0.0036094,-0.061947,0
-0.013199,-0.0542,0
-0.021648,-0.045239,0
-0.028675,-0.035103,0
-0.03396,-0.023954,0
-0.037197,-0.012115,0
-0.038264,-1.6776e-10,0
-0.037197,0.012115,0
-0.03396,0.023954,0
-0.028675,0.035103,0
-0.021648,0.045239,0
-0.013199,0.0542,0
-0.0036094,0.061947,0
0.0069041,0.068529,0
0.0182,0.074046,0
0.03021,0.078629,0
0.042934,0.082418,0
0.056428,0.085557,0
0.070796,0.088179,0
0.086166,0.090402,0
0.10268,0.092318,0
0.12046,0.09399,0
0.13963,0.095452,0
0.16028,0.096715,0
0.18245,0.097766,0
0.20619,0.098587,0
0.23148,0.09915,0
0.25831,0.099429,0
0.28661,0.099403,0
0.31628,0.099055,0
0.34722,0.098377,0
0.37927,0.09737,0
0.41224,0.096043,0
0.44593,0.094415,0
0.48012,0.092513,0
0.51457,0.090371,0
0.54903,0.088028,0
0.58325,0.085528,0
0.617,0.082916,0
0.65004,0.080238,0
0.68216,0.077538,0
0.71318,0.074861,0
0.74294,0.072248,0
0.7713,0.069738,0
0.79818,0.067366,0
0.82349,0.065163,0
0.8472,0.063151,0
0.86932,0.061334,0
0.88989,0.059684,0
0.90903,0.058119,0
0.92693,0.056475,0
0.94385,0.054487,0
0.96011,0.051766,0
0.976,0.047756,0
0.99168,0.04166,0
1.0067,0.032179,0
1.0204,0.017575,0
1.0216,1.2417e-10,0
1.0204,-0.017575,0
1.0254,-0.019754,0
1.0121,-0.036982,0
0.99639,-0.048689,0
0.97976,-0.056513,0
0.96288,-0.061761,0
0.94575,-0.065294,0
0.92815,-0.067727,0
0.90982,-0.069519,0
0.89045,-0.071014,0
0.86979,-0.072456,0
0.84767,-0.073999,0
0.82399,-0.075724,0
0.79871,-0.077658,0
0.77188,-0.079792,0
0.74354,-0.082098,0
0.7138,-0.08454,0
0.68279,-0.087077,0
0.65067,-0.089664,0
0.61763,-0.092256,0
0.58388,-0.094806,0
0.54965,-0.097267,0
0.51517,-0.099592,0
0.4807,-0.10174,0
0.44648,-0.10367,0
0.41275,-0.10534,0
0.37974,-0.10674,0
0.34765,-0.10784,0
0.31666,-0.10863,0
0.28692,-0.10912,0
0.25855,-0.10932,0
0.23165,-0.10924,0
0.20627,-0.1089,0
0.18244,-0.10833,0
0.16015,-0.10755,0
0.13935,-0.10656,0
0.11997,-0.10535,0
0.1019,-0.10388,0
0.085,-0.10209,0
0.069123,-0.099868,0
0.054128,-0.097098,0
0.039899,-0.093641,0
0.026364,-0.089353,0
0.013503,-0.084088,0
0.0013608,-0.077711,0
-0.009953,-0.070105,0
-0.020258,-0.06119,0
-0.029306,-0.050945,0
-0.036795,-0.039439,0
-0.042401,-0.026868,0
-0.045824,-0.01358,0
-0.046953,-2.3227e-10,0
-0.045824,0.01358,0
-0.042401,0.026868,0
-0.036795,0.039439,0
-0.029306,0.050945,0
-0.020258,0.06119,0
-0.009953,0.070105,0
0.0013608,0.077711,0
0.013503,0.084088,0
0.026364,0.089353,0
0.039899,0.093641,0
0.054128,0.097098,0
0.069123,0.099868,0
0.085,0.10209,0
0.1019,0.10388,0
0.11997,0.10535,0
0.13935,0.10656,0
0.16015,0.10755,0
0.18244,0.10833,0
0.20627,0.1089,0
0.23165,0.10924,0
0.25855,0.10932,0
0.28692,0.10912,0
0.31666,0.10863,0
0.34765,0.10784,0
0.37974,0.10674,0
0.41275,0.10534,0
0.44648,0.10367,0
0.4807,0.10174,0
0.51517,0.099592,0
0.54965,0.097267,0
0.58388,0.094806,0
0.61763,0.092256,0
0.65067,0.089664,0
0.68279,0.087077,0
0.7138,0.08454,0
0.74354,0.082098,0
0.77188,0.079792,0
0.79871,0.077658,0
0.82399,0.075724,0
0.84767,0.073999,0
0.86979,0.072456,0
0.89045,0.071014,0
0.90982,0.069519,0
0.92815,0.067727,0
0.94575,0.065294,0
0.96288,0.061761,0
0.97976,0.056513,0
0.99639,0.048689,0
1.0121,0.036982,0
1.0254,0.019754,0
1.0268,1.6391e-10,0
1.0254,-0.019754,0
1.0316,-0.022039,0
1.0187,-0.042027,0
1.0024,-0.05627,0
0.98476,-0.066172,0
0.96677,-0.073011,0
0.94855,-0.077683,0
0.93003,-0.080855,0
0.911,-0.083036,0
0.89118,-0.084627,0
0.87029,-0.085946,0
0.8481,-0.087226,0
0.82443,-0.088621,0
0.79922,-0.090213,0
0.77244,-0.092026,0
0.74416,-0.094051,0
0.71446,-0.096255,0
0.68348,-0.098595,0
0.65139,-0.10103,0
0.61836,-0.1035,0
0.58461,-0.10596,0
0.55037,-0.10836,0
0.51588,-0.11066,0
0.48139,-0.11281,0
0.44715,-0.11477,0
0.41339,-0.11651,0
0.38034,-0.118,0
0.34821,-0.11923,0
0.31717,-0.12018,0
0.28738,-0.12087,0
0.25895,-0.12129,0
0.23198,-0.12148,0
0.20653,-0.12144,0
0.18259,-0.12119,0
0.16016,-0.12074,0
0.13916,-0.12006,0
0.11949,-0.11911,0
0.101,-0.11781,0
0.08355,-0.11605,0
0.066977,-0.1137,0
0.051159,-0.11062,0
0.036011,-0.10667,0
0.0215,-0.10169,0
0.0076506,-0.095546,0
-0.0054487,-0.088113,0
-0.017647,-0.07929,0
-0.028728,-0.069019,0
-0.038418,-0.057308,0
-0.046399,-0.04426,0
-0.052345,-0.030101,0
-0.055964,-0.015202,0
-0.057158,-3.0831e-10,0
-0.055964,0.015202,0
-0.052345,0.030101,0
-0.046399,0.04426,0
-0.038418,0.057308,0
-0.028728,0.069019,0
-0.017647,0.07929,0
-0.0054487,0.088113,0
0.0076506,0.095546,0
0.0215,0.10169,0
0.036011,0.10667,0
0.051159,0.11062,0
0.066977,0.1137,0
0.08355,0.11605,0
0.101,0.11781,0
0.11949,0.11911,0
0.13916,0.12006,0
0.16016,0.12074,0
0.18259,0.12119,0
0.20653,0.12144,0
0.23198,0.12148,0
0.25895,0.12129,0
0.28738,0.12087,0
0.31717,0.12018,0
0.34821,0.11923,0
0.38034,0.118,0
0.41339,0.11651,0
0.44715,0.11477,0
0.48139,0.11281,0
0.51588,0.11066,0
0.55037,0.10836,0
0.58461,0.10596,0
0.61836,0.1035,0
0.65139,0.10103,0
0.68348,0.098595,0
0.71446,0.096255,0
0.74416,0.094051,0
0.77244,0.092026,0
0.79922,0.090213,0
0.82443,0.088621,0
0.8481,0.087226,0
0.87029,0.085946,0
0.89118,0.084627,0
0.911,0.083036,0
0.93003,0.080855,0
0.94855,0.077683,0
0.96677,0.073011,0
0.98476,0.066172,0
1.0024,0.05627,0
1.0187,0.042027,0
1.0316,0.022039,0
1.0331,2.1111e-10,0
1.0316,-0.022039,0
1.0391,-0.024444,0
1.0267,-0.047321,0
1.0098,-0.064401,0
0.99127,-0.07674,0
0.97206,-0.085543,0
0.95258,-0.091722,0
0.93288,-0.095977,0
0.91286,-0.098854,0
0.89231,-0.1008,0
0.87095,-0.10218,0
0.84852,-0.10329,0
0.82479,-0.10437,0
0.79962,-0.10557,0
0.77293,-0.10698,0
0.74474,-0.10863,0
0.71513,-0.11051,0
0.68421,-0.11257,0
0.65217,-0.11478,0
0.61917,-0.11708,0
0.58545,-0.11942,0
0.55122,-0.12175,0
0.51673,-0.12401,0
0.48224,-0.12616,0
0.44799,-0.12817,0
0.41421,-0.12999,0
0.38113,-0.13161,0
0.34897,-0.133,0
0.3179,-0.13417,0
0.28807,-0.13512,0
0.25961,-0.13585,0
0.23259,-0.13638,0
0.20706,-0.13673,0
0.18301,-0.13687,0
0.16038,-0.13679,0
0.13908,-0.13641,0
0.11896,-0.13567,0
0.099869,-0.13443,0
0.081639,-0.13255,0
0.064141,-0.1299,0
0.047282,-0.12633,0
0.03102,-0.12167,0
0.015367,-0.11579,0
0.00039252,-0.10855,0
-0.013773,-0.099854,0
-0.02694,-0.089606,0
-0.038862,-0.077778,0
-0.04924,-0.064405,0
-0.057747,-0.049625,0
-0.064056,-0.033693,0
-0.067887,-0.017003,0
-0.069152,-3.9504e-10,0
-0.067887,0.017003,0
-0.064056,0.033693,0
-0.057747,0.049625,0
-0.04924,0.064405,0
-0.038862,0.077778,0
-0.02694,0.089606,0
-0.013773,0.099854,0
0.00039252,0.10855,0
0.015367,0.11579,0
0.03102,0.12167,0
0.047282,0.12633,0
0.064141,0.1299,0
0.081639,0.13255,0
0.099869,0.13443,0
0.11896,0.13567,0
0.13908,0.13641,0
0.16038,0.13679,0
0.18301,0.13687,0
0.20706,0.13673,0
0.23259,0.13638,0
0.25961,0.13585,0
0.28807,0.13512,0
0.3179,0.13417,0
0.34897,0.133,0
0.38113,0.13161,0
0.41421,0.12999,0
0.44799,0.12817,0
0.48224,0.12616,0
0.51673,0.12401,0
0.55122,0.12175,0
0.58545,0.11942,0
0.61917,0.11708,0
0.65217,0.11478,0
0.68421,0.11257,0
0.71513,0.11051,0
0.74474,0.10863,0
0.77293,0.10698,0
0.79962,0.10557,0
0.82479,0.10437,0
0.84852,0.10329,0
0.87095,0.10218,0
0.89231,0.1008,0
0.91286,0.098854,0
0.93288,0.095977,0
0.95258,0.091722,0
0.97206,0.085543,0
0.99127,0.07674,0
1.0098,0.064401,0
1.0267,0.047321,0
1.0391,0.024444,0
1.0407,2.6571e-10,0
1.0391,-0.024444,0
1.0482,-0.026992,0
1.0363,-0.052889,0
1.0191,-0.073092,0
0.99956,-0.08823,0
0.97909,-0.09939,0
0.95821,-0.10747,0
0.93711,-0.1132,0
0.9158,-0.11714,0
0.89418,-0.11976,0
0.87202,-0.12148,0
0.84908,-0.12263,0
0.82511,-0.12351,0
0.79988,-0.12435,0
0.77325,-0.12532,0
0.74519,-0.1265,0
0.71571,-0.12795,0
0.68492,-0.12964,0
0.65297,-0.13154,0
0.62005,-0.1336,0
0.58639,-0.13576,0
0.5522,-0.13797,0
0.51775,-0.14017,0
0.48328,-0.14232,0
0.44903,-0.14438,0
0.41526,-0.14632,0
0.38219,-0.1481,0
0.35003,-0.14973,0
0.31897,-0.15119,0
0.28914,-0.15248,0
0.26066,-0.15362,0
0.23361,-0.15459,0
0.20799,-0.15538,0
0.18376,-0.15595,0
0.16082,-0.15622,0
0.13904,-0.15608,0
0.11825,-0.15542,0
0.098282,-0.15407,0
0.079011,-0.1519,0
0.060336,-0.14873,0
0.04221,-0.14443,0
0.024636,-0.13884,0
0.0076742,-0.13183,0
-0.0085625,-0.12328,0
-0.023905,-0.11308,0
-0.038129,-0.10119,0
-0.05096,-0.087579,0
-0.06208,-0.072331,0
-0.071152,-0.055608,0
-0.077854,-0.037697,0
-0.081917,-0.01901,0
-0.083258,-4.9111e-10,0
-0.081917,0.01901,0
-0.077854,0.037697,0
-0.071152,0.055608,0
-0.06208,0.072331,0
-0.05096,0.087579,0
-0.038129,0.10119,0
-0.023905,0.11308,0
-0.0085625,0.12328,0
0.0076742,0.13183,0
0.024636,0.13884,0
0.04221,0.14443,0
0.060336,0.14873,0
0.079011,0.1519,0
0.098282,0.15407,0
0.11825,0.15542,0
0.13904,0.15608,0
0.16082,0.15622,0
0.18376,0.15595,0
0.20799,0.15538,0
0.23361,0.15459,0
0.26066,0.15362,0
0.28914,0.15248,0
0.31897,0.15119,0
0.35003,0.14973,0
0.38219,0.1481,0
0.41526,0.14632,0
0.44903,0.14438,0
0.48328,0.14232,0
0.51775,0.14017,0
0.5522,0.13797,0
0.58639,0.13576,0
0.62005,0.1336,0
0.65297,0.13154,0
0.68492,0.12964,0
0.71571,0.12795,0
0.74519,0.1265,0
0.77325,0.12532,0
0.79988,0.12435,0
0.82511,0.12351,0
0.84908,0.12263,0
0.87202,0.12148,0
0.89418,0.11976,0
0.9158,0.11714,0
0.93711,0.1132,0
0.95821,0.10747,0
0.97909,0.09939,0
0.99956,0.08823,0
1.0191,0.073092,0
1.0363,0.052889,0
1.0482,0.026992,0
1.0499,3.2731e-10,0
1.0482,-0.026992,0
1.0594,-0.029716,0
1.0479,-0.058774,0
1.0303,-0.082373,0
1.01,-0.10067,0
0.98822,-0.1146,0
0.96582,-0.12501,0
0.94313,-0.13262,0
0.92028,-0.13803,0
0.89724,-0.14173,0
0.87391,-0.14415,0
0.85009,-0.14565,0
0.82555,-0.14658,0
0.80005,-0.1472,0
0.77337,-0.14778,0
0.7454,-0.14847,0
0.71608,-0.1494,0
0.68548,-0.1506,0
0.65371,-0.15208,0
0.62095,-0.1538,0
0.58741,-0.1557,0
0.55333,-0.15774,0
0.51896,-0.15986,0
0.48456,-0.162,0
0.45038,-0.16414,0
0.41666,-0.16622,0
0.38366,-0.16824,0
0.35156,-0.17017,0
0.32055,-0.17201,0
0.29077,-0.17376,0
0.26231,-0.17538,0
0.2352,-0.17685,0
0.20942,-0.17811,0
0.18486,-0.17906,0
0.16139,-0.17958,0
0.13885,-0.17954,0
0.11708,-0.17876,0
0.095939,-0.1771,0
0.075336,-0.17438,0
0.055223,-0.17046,0
0.035599,-0.16519,0
0.016517,-0.15843,0
-0.0019208,-0.15004,0
-0.01956,-0.13991,0
-0.036196,-0.12798,0
-0.051572,-0.11419,0
-0.065388,-0.098563,0
-0.07731,-0.081201,0
-0.086996,-0.062299,0
-0.094127,-0.042174,0
-0.098445,-0.021253,0
-0.099872,-5.9478e-10,0
-0.098445,0.021253,0
-0.094127,0.042174,0
-0.086996,0.062299,0
-0.07731,0.081201,0
-0.065388,0.098563,0
-0.051572,0.11419,0
-0.036196,0.12798,0
-0.01956,0.13991,0
-0.0019208,0.15004,0
0.016517,0.15843,0
0.035599,0.16519,0
0.055223,0.17046,0
0.075336,0.17438,0
0.095939,0.1771,0
0.11708,0.17876,0
0.13885,0.17954,0
0.16139,0.17958,0
0.18486,0.17906,0
0.20942,0.17811,0
0.2352,0.17685,0
0.26231,0.17538,0
0.29077,0.17376,0
0.32055,0.17201,0
0.35156,0.17017,0
0.38366,0.16824,0
0.41666,0.16622,0
0.45038,0.16414,0
0.48456,0.162,0
0.51896,0.15986,0
0.55333,0.15774,0
0.58741,0.1557,0
0.62095,0.1538,0
0.65371,0.15208,0
0.68548,0.1506,0
0.71608,0.1494,0
0.7454,0.14847,0
0.77337,0.14778,0
0.80005,0.1472,0
0.82555,0.14658,0
0.85009,0.14565,0
0.87391,0.14415,0
0.89724,0.14173,0
0.92028,0.13803,0
0.94313,0.13262,0
0.96582,0.12501,0
0.98822,0.1146,0
1.01,0.10067,0
1.0303,0.082373,0
1.0479,0.058774,0
1.0594,0.029716,0
1.0611,3.9519e-10,0
1.0594,-0.029716,0
1.0729,-0.032654,0
1.0619,-0.06504,0
1.044,-0.092301,0
1.0229,-0.11412,0
0.99986,-0.13123,0
0.97589,-0.14442,0
0.95145,-0.15437,0
0.92681,-0.16171,0
0.90206,-0.16692,0
0.87718,-0.17047,0
0.85206,-0.17272,0
0.82653,-0.17405,0
0.80038,-0.17475,0
0.77338,-0.17514,0
0.74534,-0.17544,0
0.71615,-0.17585,0
0.68577,-0.1765,0
0.65426,-0.17745,0
0.62175,-0.17871,0
0.58844,-0.18026,0
0.55457,-0.18205,0
0.52038,-0.18404,0
0.48615,-0.18616,0
0.45213,-0.18838,0
0.41857,-0.19066,0
0.38572,-0.19298,0
0.35377,-0.19531,0
0.32289,-0.19763,0
0.29319,-0.19989,0
0.26473,-0.20205,0
0.23746,-0.20401,0
0.21132,-0.20566,0
0.18617,-0.20685,0
0.16184,-0.20745,0
0.13819,-0.20726,0
0.11509,-0.20613,0
0.092446,-0.20389,0
0.070215,-0.20038,0
0.048399,-0.19544,0
0.027048,-0.18893,0
0.0062579,-0.18072,0
-0.013827,-0.17068,0
-0.033016,-0.15872,0
-0.051069,-0.14477,0
-0.067701,-0.12882,0
-0.082589,-0.1109,0
-0.095385,-0.091156,0
-0.10574,-0.069808,0
-0.11335,-0.047198,0
-0.11795,-0.023772,0
-0.11947,-7.0393e-10,0
-0.11795,0.023772,0
-0.11335,0.047198,0
-0.10574,0.069808,0
-0.095385,0.091156,0
-0.082589,0.1109,0
-0.067701,0.12882,0
-0.051069,0.14477,0
-0.033016,0.15872,0
-0.013827,0.17068,0
0.0062579,0.18072,0
0.027048,0.18893,0
0.048399,0.19544,0
0.070215,0.20038,0
0.092446,0.20389,0
0.11509,0.20613,0
0.13819,0.20726,0
0.16184,0.20745,0
0.18617,0.20685,0
0.21132,0.20566,0
0.23746,0.20401,0
0.26473,0.20205,0
0.29319,0.19989,0
0.32289,0.19763,0
0.35377,0.19531,0
0.38572,0.19298,0
0.41857,0.19066,0
0.45213,0.18838,0
0.48615,0.18616,0
0.52038,0.18404,0
0.55457,0.18205,0
0.58844,0.18026,0
0.62175,0.17871,0
0.65426,0.17745,0
0.68577,0.1765,0
0.71615,0.17585,0
0.74534,0.17544,0
0.77338,0.17514,0
0.80038,0.17475,0
0.82653,0.17405,0
0.85206,0.17272,0
0.87718,0.17047,0
0.90206,0.16692,0
0.92681,0.16171,0
0.95145,0.15437,0
0.97589,0.14442,0
0.99986,0.13123,0
1.0229,0.11412,0
1.044,0.092301,0
1.0619,0.06504,0
1.0729,0.032654,0
1.0747,4.6833e-10,0
1.0729,-0.032654,0
1.0894,-0.03586,0
1.0786,-0.071771,0
1.0606,-0.10296,0
1.0387,-0.12867,0
1.0145,-0.14939,0
0.98892,-0.16582,0
0.96263,-0.1786,0
0.93602,-0.18834,0
0.90929,-0.19556,0
0.88251,-0.2007,0
0.85568,-0.20418,0
0.82869,-0.20636,0
0.80141,-0.20757,0
0.77365,-0.20813,0
0.74522,-0.20831,0
0.71594,-0.20838,0
0.6857,-0.20855,0
0.65447,-0.20895,0
0.62232,-0.20969,0
0.58939,-0.21079,0
0.55589,-0.21225,0
0.52206,-0.21404,0
0.48816,-0.21611,0
0.45446,-0.21843,0
0.42121,-0.22095,0
0.38864,-0.22363,0
0.35694,-0.22641,0
0.32624,-0.22924,0
0.29658,-0.23202,0
0.26797,-0.23463,0
0.24031,-0.23695,0
0.21348,-0.2388,0
0.18735,-0.24001,0
0.16176,-0.2404,0
0.13661,-0.2398,0
0.11181,-0.23803,0
0.087323,-0.23492,0
0.063166,-0.23032,0
0.039385,-0.22407,0
0.016075,-0.21604,0
-0.0066276,-0.20608,0
-0.02854,-0.1941,0
-0.049436,-0.18,0
-0.069043,-0.16373,0
-0.087048,-0.14531,0
-0.10311,-0.1248,0
-0.11686,-0.10237,0
-0.12796,-0.078267,0
-0.13609,-0.05286,0
-0.14101,-0.026611,0
-0.14264,-8.1628e-10,0
-0.14101,0.026611,0
-0.13609,0.05286,0
-0.12796,0.078267,0
-0.11686,0.10237,0
-0.10311,0.1248,0
-0.087048,0.14531,0
-0.069043,0.16373,0
-0.049436,0.18,0
-0.02854,0.1941,0
-0.0066276,0.20608,0
0.016075,0.21604,0
0.039385,0.22407,0
0.063166,0.23032,0
0.087323,0.23492,0
0.11181,0.23803,0
0.13661,0.2398,0
0.16176,0.2404,0
0.18735,0.24001,0
0.21348,0.2388,0
0.24031,0.23695,0
0.26797,0.23463,0
0.29658,0.23202,0
0.32624,0.22924,0
0.35694,0.22641,0
0.38864,0.22363,0
0.42121,0.22095,0
0.45446,0.21843,0
0.48816,0.21611,0
0.52206,0.21404,0
0.55589,0.21225,0
0.58939,0.21079,0
0.62232,0.20969,0
0.65447,0.20895,0
0.6857,0.20855,0
0.71594,0.20838,0
0.74522,0.20831,0
0.77365,0.20813,0
0.80141,0.20757,0
0.82869,0.20636,0
0.85568,0.20418,0
0.88251,0.2007,0
0.90929,0.19556,0
0.93602,0.18834,0
0.96263,0.1786,0
0.98892,0.16582,0
1.0145,0.14939,0
1.0387,0.12867,0
1.0606,0.10296,0
1.0786,0.071771,0
1.0894,0.03586,0
1.0913,5.4551e-10,0
1.0894,-0.03586,0
1.1094,-0.039398,0
1.0989,-0.079079,0
1.0807,-0.11447,0
1.0582,-0.14443,0
1.0327,-0.16922,0
1.0055,-0.18937,0
0.97733,-0.2055,0
0.9486,-0.21817,0
0.91967,-0.22791,0
0.89071,-0.23519,0
0.86179,-0.24042,0
0.83291,-0.24397,0
0.80401,-0.2462,0
0.77497,-0.24743,0
0.74564,-0.24797,0
0.71586,-0.24809,0
0.68549,-0.24806,0
0.65442,-0.24811,0
0.62264,-0.2484,0
0.59021,-0.24906,0
0.55727,-0.25016,0
0.52402,-0.25172,0
0.4907,-0.25371,0
0.45755,-0.25611,0
0.4248,-0.25886,0
0.39266,-0.26187,0
0.36126,-0.26505,0
0.33066,-0.26828,0
0.30086,-0.2714,0
0.27179,-0.27425,0
0.24334,-0.27664,0
0.2154,-0.27838,0
0.18783,-0.27927,0
0.16055,-0.27914,0
0.13349,-0.27779,0
0.10663,-0.27505,0
0.079981,-0.27076,0
0.053608,-0.26475,0
0.0276,-0.25687,0
0.0020933,-0.24699,0
-0.022736,-0.23496,0
-0.046668,-0.2207,0
-0.069442,-0.20413,0
-0.090754,-0.18521,0
-0.11027,-0.16397,0
-0.12761,-0.14053,0
-0.14242,-0.11505,0
-0.15434,-0.087836,0
-0.16306,-0.059269,0
-0.16834,-0.029826,0
-0.17009,-9.2951e-10,0
-0.16834,0.029826,0
-0.16306,0.059269,0
-0.15434,0.087836,0
-0.14242,0.11505,0
-0.12761,0.14053,0
-0.11027,0.16397,0
-0.090754,0.18521,0
-0.069442,0.20413,0
-0.046668,0.2207,0
-0.022736,0.23496,0
0.0020933,0.24699,0
0.0276,0.25687,0
0.053608,0.26475,0
0.079981,0.27076,0
0.10663,0.27505,0
0.13349,0.27779,0
0.16055,0.27914,0
0.18783,0.27927,0
0.2154,0.27838,0
0.24334,0.27664,0
0.27179,0.27425,0
0.30086,0.2714,0
0.33066,0.26828,0
0.36126,0.26505,0
0.39266,0.26187,0
0.4248,0.25886,0
0.45755,0.25611,0
0.4907,0.25371,0
0.52402,0.25172,0
0.55727,0.25016,0
0.59021,0.24906,0
0.62264,0.2484,0
0.65442,0.24811,0
0.68549,0.24806,0
0.71586,0.24809,0
0.74564,0.24797,0
0.77497,0.24743,0
0.80401,0.2462,0
0.83291,0.24397,0
0.86179,0.24042,0
0.89071,0.23519,0
0.91967,0.22791,0
0.9486,0.21817,0
0.97733,0.2055,0
1.0055,0.18937,0
1.0327,0.16922,0
1.0582,0.14443,0
1.0807,0.11447,0
1.0989,0.079079,0
1.1094,0.039398,0
1.1115,6.2548e-10,0
1.1094,-0.039398,0
1.1339,-0.043346,0
1.1233,-0.0871,0
1.1051,-0.12699,0
1.0819,-0.16158,0
1.0553,-0.19089,0
1.0265,-0.21529,0
0.99634,-0.2353,0
0.96539,-0.25147,0
0.9341,-0.26431,0
0.90273,-0.2743,0
0.87143,-0.28187,0
0.8403,-0.2874,0
0.80934,-0.29126,0
0.77852,-0.29378,0
0.74777,-0.29528,0
0.71696,-0.29606,0
0.68598,-0.29639,0
0.65473,-0.29656,0
0.62313,-0.29678,0
0.59117,-0.29727,0
0.55889,-0.29816,0
0.52641,-0.29953,0
0.49389,-0.30143,0
0.46149,-0.30383,0
0.42939,-0.30666,0
0.3977,-0.30981,0
0.36648,-0.31311,0
0.33575,-0.3164,0
0.30544,-0.31949,0
0.27548,-0.32215,0
0.24578,-0.32419,0
0.21623,-0.3254,0
0.18679,-0.32557,0
0.1574,-0.32451,0
0.12806,-0.32204,0
0.098803,-0.31797,0
0.069687,-0.31213,0
0.040812,-0.30435,0
0.012315,-0.29448,0
-0.01563,-0.28238,0
-0.04281,-0.26792,0
-0.068967,-0.251,0
-0.093807,-0.23157,0
-0.11699,-0.20961,0
-0.13816,-0.18517,0
-0.15693,-0.15838,0
-0.17291,-0.12945,0
-0.18575,-0.098708,0
-0.19513,-0.066554,0
-0.20081,-0.033482,0
-0.2027,-1.0415e-09,0
-0.20081,0.033482,0
-0.19513,0.066554,0
-0.18575,0.098708,0
-0.17291,0.12945,0
-0.15693,0.15838,0
-0.13816,0.18517,0
-0.11699,0.20961,0
-0.093807,0.23157,0
-0.068967,0.251,0
-0.04281,0.26792,0
-0.01563,0.28238,0
0.012315,0.29448,0
0.040812,0.30435,0
0.069687,0.31213,0
0.098803,0.31797,0
0.12806,0.32204,0
0.1574,0.32451,0
0.18679,0.32557,0
0.21623,0.3254,0
0.24578,0.32419,0
0.27548,0.32215,0
0.30544,0.31949,0
0.33575,0.3164,0
0.36648,0.31311,0
0.3977,0.30981,0
0.42939,0.30666,0
0.46149,0.30383,0
0.49389,0.30143,0
0.52641,0.29953,0
0.55889,0.29816,0
0.59117,0.29727,0
0.62313,0.29678,0
0.65473,0.29656,0
0.68598,0.29639,0
0.71696,0.29606,0
0.74777,0.29528,0
0.77852,0.29378,0
0.80934,0.29126,0
0.8403,0.2874,0
0.87143,0.28187,0
0.90273,0.2743,0
0.9341,0.26431,0
0.96539,0.25147,0
0.99634,0.2353,0
1.0265,0.21529,0
1.0553,0.19089,0
1.0819,0.16158,0
1.1051,0.12699,0
1.1233,0.0871,0
1.1339,0.043346,0
1.1361,7.0715e-10,0
1.1339,-0.043346,0
1.1637,-0.047796,0
1.153,-0.096002,0
1.1346,-0.14073,0
1.1109,-0.18035,0
1.0832,-0.21466,0
1.0528,-0.24385,0
1.0206,-0.26834,0
0.98744,-0.28862,0
0.9537,-0.3052,0
0.91977,-0.31854,0
0.88591,-0.3291,0
0.85227,-0.33729,0
0.81894,-0.34348,0
0.78596,-0.34802,0
0.75333,-0.35124,0
0.72099,-0.35344,0
0.6889,-0.35491,0
0.65696,-0.35595,0
0.62511,-0.35679,0
0.59328,-0.35766,0
0.56145,-0.35876,0
0.52963,-0.3602,0
0.49783,-0.36206,0
0.46611,-0.36433,0
0.4345,-0.36696,0
0.40301,-0.36981,0
0.37165,-0.37273,0
0.34035,-0.37552,0
0.30908,-0.37798,0
0.27776,-0.37988,0
0.24633,-0.38101,0
0.21478,-0.38115,0
0.18307,-0.38009,0
0.15123,-0.37764,0
0.1193,-0.37359,0
0.087343,-0.36774,0
0.055475,-0.35993,0
0.023832,-0.34997,0
-0.0074098,-0.33769,0
-0.038038,-0.32295,0
-0.0678,-0.30563,0
-0.096401,-0.28562,0
-0.12351,-0.26289,0
-0.14876,-0.23744,0
-0.17176,-0.20933,0
-0.1921,-0.17873,0
-0.20939,-0.14588,0
-0.22325,-0.11112,0
-0.23337,-0.074873,0
-0.2395,-0.037659,0
-0.24155,-1.1507e-09,0
-0.2395,0.037659,0
-0.23337,0.074873,0
-0.22325,0.11112,0
-0.20939,0.14588,0
-0.1921,0.17873,0
-0.17176,0.20933,0
-0.14876,0.23744,0
-0.12351,0.26289,0
-0.096401,0.28562,0
-0.0678,0.30563,0
-0.038038,0.32295,0
-0.0074098,0.33769,0
0.023832,0.34997,0
0.055475,0.35993,0
0.087343,0.36774,0
0.1193,0.37359,0
0.15123,0.37764,0
0.18307,0.38009,0
0.21478,0.38115,0
0.24633,0.38101,0
0.27776,0.37988,0
0.30908,0.37798,0
0.34035,0.37552,0
0.37165,0.37273,0
0.40301,0.36981,0
0.4345,0.36696,0
0.46611,0.36433,0
0.49783,0.36206,0
0.52963,0.3602,0
0.56145,0.35876,0
0.59328,0.35766,0
0.62511,0.35679,0
0.65696,0.35595,0
0.6889,0.35491,0
0.72099,0.35344,0
0.75333,0.35124,0
0.78596,0.34802,0
0.81894,0.34348,0
0.85227,0.33729,0
0.88591,0.3291,0
0.91977,0.31854,0
0.9537,0.3052,0
0.98744,0.28862,0
1.0206,0.26834,0
1.0528,0.24385,0
1.0832,0.21466,0
1.1109,0.18035,0
1.1346,0.14073,0
1.153,0.096002,0
1.1637,0.047796,0
1.1662,7.8989e-10,0
1.1637,-0.047796,0
1.2002,-0.052856,0
1.1893,-0.10599,0
1.1706,-0.15595,0
1.1462,-0.20104,0
1.1175,-0.24086,0
1.0856,-0.27542,0
1.0516,-0.30501,0
1.0161,-0.33007,0
0.9799,-0.35108,0
0.94338,-0.3685,0
0.90688,-0.3828,0
0.87063,-0.39441,0
0.83478,-0.40372,0
0.79943,-0.4111,0
0.76463,-0.41688,0
0.73039,-0.42138,0
0.69671,-0.42488,0
0.66352,-0.42765,0
0.63078,-0.42992,0
0.5984,-0.4319,0
0.56631,-0.43377,0
0.53442,-0.43566,0
0.50265,-0.43763,0
0.4709,-0.43971,0
0.4391,-0.44186,0
0.40716,-0.44398,0
0.37502,-0.44595,0
0.3426,-0.44761,0
0.30986,-0.44877,0
0.27674,-0.44923,0
0.24323,-0.44879,0
0.20934,-0.44724,0
0.17509,-0.44435,0
0.14054,-0.43993,0
0.10577,-0.43375,0
0.070881,-0.42561,0
0.036026,-0.41532,0
0.0013811,-0.40266,0
-0.03284,-0.38748,0
-0.066383,-0.36961,0
-0.098955,-0.34892,0
-0.13022,-0.32532,0
-0.15981,-0.29878,0
-0.18733,-0.26931,0
-0.21234,-0.237,0
-0.23443,-0.20204,0
-0.25317,-0.1647,0
-0.26818,-0.12534,0
-0.27913,-0.084414,0
-0.28579,-0.042451,0
-0.28801,-1.2563e-09,0
-0.28579,0.042451,0
-0.27913,0.084414,0
-0.26818,0.12534,0
-0.25317,0.1647,0
-0.23443,0.20204,0
-0.21234,0.237,0
-0.18733,0.26931,0
-0.15981,0.29878,0
-0.13022,0.32532,0
-0.098955,0.34892,0
-0.066383,0.36961,0
-0.03284,0.38748,0
0.0013811,0.40266,0
0.036026,0.41532,0
0.070881,0.42561,0
0.10577,0.43375,0
0.14054,0.43993,0
0.17509,0.44435,0
0.20934,0.44724,0
0.24323,0.44879,0
0.27674,0.44923,0
0.30986,0.44877,0
0.3426,0.44761,0
0.37502,0.44595,0
0.40716,0.44398,0
0.4391,0.44186,0
0.4709,0.43971,0
0.50265,0.43763,0
0.53442,0.43566,0
0.56631,0.43377,0
0.5984,0.4319,0
0.63078,0.42992,0
0.66352,0.42765,0
0.69671,0.42488,0
0.73039,0.42138,0
0.76463,0.41688,0
0.79943,0.4111,0
0.83478,0.40372,0
0.87063,0.39441,0
0.90688,0.3828,0
0.94338,0.3685,0
0.9799,0.35108,0
1.0161,0.33007,0
1.0516,0.30501,0
1.0856,0.27542,0
1.1175,0.24086,0
1.1462,0.20104,0
1.1706,0.15595,0
1.1893,0.10599,0
1.2002,0.052856,0
1.2031,8.7368e-10,0
1.2002,-0.052856,0
1.245,-0.058649,0
1.2336,-0.11729,0
1.2146,-0.17297,0
1.1897,-0.22403,0
1.16,-0.2699,0
1.1267,-0.31044,0
1.0908,-0.34581,0
1.0532,-0.37638,0
1.0146,-0.40258,0
0.97557,-0.42487,0
0.93648,-0.44372,0
0.89762,-0.45958,0
0.85921,-0.47285,0
0.82138,-0.4839,0
0.78421,-0.49308,0
0.74775,-0.50069,0
0.71199,-0.50699,0
0.67691,-0.51222,0
0.64243,-0.51658,0
0.60848,-0.52026,0
0.57495,-0.5234,0
0.5417,-0.52609,0
0.50859,-0.52841,0
0.4755,-0.53039,0
0.44227,-0.53201,0
0.40878,-0.53322,0
0.37492,-0.53393,0
0.34061,-0.53405,0
0.30577,-0.53342,0
0.27038,-0.53189,0
0.23441,-0.52929,0
0.19789,-0.52542,0
0.16085,-0.52008,0
0.12338,-0.51306,0
0.085573,-0.50414,0
0.047568,-0.4931,0
0.0095389,-0.47971,0
-0.028302,-0.46377,0
-0.065702,-0.44509,0
-0.10237,-0.42349,0
-0.13796,-0.39884,0
-0.1721,-0.37105,0
-0.20439,-0.34009,0
-0.23437,-0.30598,0
-0.2616,-0.26883,0
-0.28561,-0.22887,0
-0.30596,-0.18636,0
-0.32225,-0.14172,0
-0.33415,-0.095405,0
-0.34138,-0.047972,0
-0.3438,-1.359e-09,0
-0.34138,0.047972,0
-0.33415,0.095405,0
-0.32225,0.14172,0
-0.30596,0.18636,0
-0.28561,0.22887,0
-0.2616,0.26883,0
-0.23437,0.30598,0
-0.20439,0.34009,0
-0.1721,0.37105,0
-0.13796,0.39884,0
-0.10237,0.42349,0
-0.065702,0.44509,0
-0.028302,0.46377,0
0.0095389,0.47971,0
0.047568,0.4931,0
0.085573,0.50414,0
0.12338,0.51306,0
0.16085,0.52008,0
0.19789,0.52542,0
0.23441,0.52929,0
0.27038,0.53189,0
0.30577,0.53342,0
0.34061,0.53405,0
0.37492,0.53393,0
0.40878,0.53322,0
0.44227,0.53201,0
0.4755,0.53039,0
0.50859,0.52841,0
0.5417,0.52609,0
0.57495,0.5234,0
0.60848,0.52026,0
0.64243,0.51658,0
0.67691,0.51222,0
0.71199,0.50699,0
0.74775,0.50069,0
0.78421,0.49308,0
0.82138,0.4839,0
0.85921,0.47285,0
0.89762,0.45958,0
0.93648,0.44372,0
0.97557,0.42487,0
1.0146,0.40258,0
1.0532,0.37638,0
1.0908,0.34581,0
1.1267,0.31044,0
1.16,0.2699,0
1.1897,0.22403,0
1.2146,0.17297,0
1.2336,0.11729,0
1.245,0.058649,0
1.2483,9.5919e-10,0
1.245,-0.058649,0
1.3002,-0.065315,0
1.2883,-0.13018,0
1.2689,-0.19217,0
1.2434,-0.24976,0
1.2127,-0.30229,0
1.1781,-0.34948,0
1.1405,-0.39136,0
1.101,-0.42821,0
1.0602,-0.4604,0
1.0187,-0.48839,0
0.97712,-0.51262,0
0.93566,-0.53354,0
0.8946,-0.55154,0
0.85409,-0.56701,0
0.81422,-0.58027,0
0.77504,-0.5916,0
0.73655,-0.60125,0
0.6987,-0.60944,0
0.66143,-0.61633,0
0.62466,-0.62208,0
0.58827,-0.62681,0
0.55214,-0.63061,0
0.51613,-0.63354,0
0.48012,-0.63564,0
0.44396,-0.6369,0
0.40754,-0.63731,0
0.37073,-0.63681,0
0.33346,-0.63533,0
0.29564,-0.63276,0
0.25722,-0.62899,0
0.21819,-0.62389,0
0.17855,-0.61727,0
0.13833,-0.60898,0
0.097619,-0.5988,0
0.056509,-0.58652,0
0.015152,-0.57192,0
-0.026262,-0.55478,0
-0.067497,-0.53488,0
-0.10827,-0.512,0
-0.14825,-0.48598,0
-0.18706,-0.45666,0
-0.22429,-0.42396,0
-0.25946,-0.38785,0
-0.29212,-0.34836,0
-0.32175,-0.30562,0
-0.34786,-0.25987,0
-0.36999,-0.21141,0
-0.3877,-0.16066,0
-0.40064,-0.10812,0
-0.40852,-0.054362,0
-0.41117,-1.4612e-09,0
-0.40852,0.054362,0
-0.40064,0.10812,0
-0.3877,0.16066,0
-0.36999,0.21141,0
-0.34786,0.25987,0
-0.32175,0.30562,0
-0.29212,0.34836,0
-0.25946,0.38785,0
-0.22429,0.42396,0
-0.18706,0.45666,0
-0.14825,0.48598,0
-0.10827,0.512,0
-0.067497,0.53488,0
-0.026262,0.55478,0
0.015152,0.57192,0
0.056509,0.58652,0
0.097619,0.5988,0
0.13833,0.60898,0
0.17855,0.61727,0
0.21819,0.62389,0
0.25722,0.62899,0
0.29564,0.63276,0
0.33346,0.63533,0
0.37073,0.63681,0
0.40754,0.63731,0
0.44396,0.6369,0
0.48012,0.63564,0
0.51613,0.63354,0
0.55214,0.63061,0
0.58827,0.62681,0
0.62466,0.62208,0
0.66143,0.61633,0
0.6987,0.60944,0
0.73655,0.60125,0
0.77504,0.5916,0
0.81422,0.58027,0
0.85409,0.56701,0
0.8946,0.55154,0
0.93566,0.53354,0
0.97712,0.51262,0
1.0187,0.48839,0
1.0602,0.4604,0
1.101,0.42821,0
1.1405,0.39136,0
1.1781,0.34948,0
1.2127,0.30229,0
1.2434,0.24976,0
1.2689,0.19217,0
1.2883,0.13018,0
1.3002,0.065315,0
1.304,1.0475e-09,0
1.3002,-0.065315,0
1.3671,-0.072627,0
1.3548,-0.14443,0
1.3352,-0.2134,0
1.3093,-0.27817,0
1.278,-0.33805,0
1.2425,-0.39263,0
1.2037,-0.44187,0
1.1626,-0.48594,0
1.1199,-0.52515,0
1.0764,-0.55989,0
1.0324,-0.59057,0
0.98828,-0.6176,0
0.94436,-0.64137,0
0.90076,-0.6622,0
0.85758,-0.68039,0
0.81485,-0.69622,0
0.77258,-0.70991,0
0.73075,-0.72163,0
0.6893,-0.73156,0
0.64818,-0.73982,0
0.6073,-0.74652,0
0.56659,-0.75175,0
0.52593,-0.75557,0
0.48525,-0.75802,0
0.44444,-0.7591,0
0.40342,-0.7588,0
0.36209,-0.7571,0
0.3204,-0.75394,0
0.27828,-0.74925,0
0.23568,-0.74293,0
0.19259,-0.73489,0
0.149,-0.72499,0
0.10493,-0.71308,0
0.060456,-0.69899,0
0.01566,-0.68253,0
-0.029316,-0.6635,0
-0.074284,-0.64169,0
-0.119,-0.61688,0
-0.16319,-0.58888,0
-0.20648,-0.55751,0
-0.24848,-0.52263,0
-0.28875,-0.48414,0
-0.32679,-0.44201,0
-0.36207,-0.39631,0
-0.39408,-0.34717,0
-0.42228,-0.29482,0
-0.44617,-0.2396,0
-0.46529,-0.18195,0
-0.47926,-0.12239,0
-0.48777,-0.061527,0
-0.49063,-1.5601e-09,0
-0.48777,0.061527,0
-0.47926,0.12239,0
-0.46529,0.18195,0
-0.44617,0.2396,0
-0.42228,0.29482,0
-0.39408,0.34717,0
-0.36207,0.39631,0
-0.32679,0.44201,0
-0.28875,0.48414,0
-0.24848,0.52263,0
-0.20648,0.55751,0
-0.16319,0.58888,0
-0.119,0.61688,0
-0.074284,0.64169,0
-0.029316,0.6635,0
0.01566,0.68253,0
0.060456,0.69899,0
0.10493,0.71308,0
0.149,0.72499,0
0.19259,0.73489,0
0.23568,0.74293,0
0.27828,0.74925,0
0.3204,0.75394,0
0.36209,0.7571,0
0.40342,0.7588,0
0.44444,0.7591,0
0.48525,0.75802,0
0.52593,0.75557,0
0.56659,0.75175,0
0.6073,0.74652,0
0.64818,0.73982,0
0.6893,0.73156,0
0.73075,0.72163,0
0.77258,0.70991,0
0.81485,0.69622,0
0.85758,0.68039,0
0.90076,0.6622,0
0.94436,0.64137,0
0.98828,0.6176,0
1.0324,0.59057,0
1.0764,0.55989,0
1.1199,0.52515,0
1.1626,0.48594,0
1.2037,0.44187,0
1.2425,0.39263,0
1.278,0.33805,0
1.3093,0.27817,0
1.3352,0.2134,0
1.3548,0.14443,0
1.3671,0.072627,0
1.3711,1.1304e-09,0
1.3671,-0.072627,0
1.4487,-0.080569,0
1.4364,-0.16005,0
1.4169,-0.23673,0
1.3909,-0.30943,0
1.3595,-0.3774,0
1.3234,-0.44021,0
1.2838,-0.49771,0
1.2415,-0.54998,0
1.1973,-0.59723,0
1.1517,-0.63979,0
1.1052,-0.678,0
1.0582,-0.71219,0
1.0108,-0.74271,0
0.96338,-0.76984,0
0.9159,-0.79385,0
0.86848,-0.81498,0
0.82113,-0.83342,0
0.77388,-0.84933,0
0.72673,-0.86287,0
0.67964,-0.87416,0
0.63261,-0.88328,0
0.58559,-0.89033,0
0.53855,-0.89536,0
0.49144,-0.8984,0
0.44423,-0.89948,0
0.39687,-0.8986,0
0.34931,-0.89573,0
0.30154,-0.89084,0
0.25353,-0.88388,0
0.20526,-0.87479,0
0.15673,-0.86348,0
0.10795,-0.84984,0
0.058944,-0.83375,0
0.0097789,-0.81508,0
-0.039459,-0.79367,0
-0.088643,-0.76936,0
-0.1376,-0.74195,0
-0.1861,-0.71127,0
-0.23386,-0.67714,0
-0.28054,-0.6394,0
-0.32574,-0.59793,0
-0.369,-0.55264,0
-0.40982,-0.50353,0
-0.44765,-0.45064,0
-0.48194,-0.39413,0
-0.51214,-0.33425,0
-0.53771,-0.27136,0
-0.55817,-0.2059,0
-0.57311,-0.13843,0
-0.58221,-0.069567,0
-0.58527,-1.6563e-09,0
-0.58221,0.069567,0
-0.57311,0.13843,0
-0.55817,0.2059,0
-0.53771,0.27136,0
-0.51214,0.33425,0
-0.48194,0.39413,0
-0.44765,0.45064,0
-0.40982,0.50353,0
-0.369,0.55264,0
-0.32574,0.59793,0
-0.28054,0.6394,0
-0.23386,0.67714,0
-0.1861,0.71127,0
-0.1376,0.74195,0
-0.088643,0.76936,0
-0.039459,0.79367,0
0.0097789,0.81508,0
0.058944,0.83375,0
0.10795,0.84984,0
0.15673,0.86348,0
0.20526,0.87479,0
0.25353,0.88388,0
0.30154,0.89084,0
0.34931,0.89573,0
0.39687,0.8986,0
0.44423,0.89948,0
0.49144,0.8984,0
0.53855,0.89536,0
0.58559,0.89033,0
0.63261,0.88328,0
0.67964,0.87416,0
0.72673,0.86287,0
0.77388,0.84933,0
0.82113,0.83342,0
0.86848,0.81498,0
0.9159,0.79385,0
0.96338,0.76984,0
1.0108,0.74271,0
1.0582,0.71219,0
1.1052,0.678,0
1.1517,0.63979,0
1.1973,0.59723,0
1.2415,0.54998,0
1.2838,0.49771,0
1.3234,0.44021,0
1.3595,0.3774,0
1.3909,0.30943,0
1.4169,0.23673,0
1.4364,0.16005,0
1.4487,0.080569,0
1.4529,1.2031e-09,0
1.4487,-0.080569,0
1.5495,-0.089138,0
1.5375,-0.17705,0
1.5183,-0.26225,0
1.4926,-0.34367,0
1.4613,-0.4206,0
1.4251,-0.49255,0
1.3849,-0.55929,0
1.3416,-0.62081,0
1.2957,-0.67722,0
1.2478,-0.72874,0
1.1983,-0.77562,0
1.1477,-0.81812,0
1.096,-0.8565,0
1.0437,-0.891,0
0.99066,-0.92184,0
0.93717,-0.94921,0
0.88327,-0.97328,0
0.82904,-0.99418,0
0.77454,-1.012,0
0.71982,-1.027,0
0.6649,-1.0391,0
0.60982,-1.0484,0
0.55461,-1.055,0
0.49927,-1.0589,0
0.44383,-1.0602,0
0.3883,-1.0588,0
0.33271,-1.0548,0
0.27706,-1.0481,0
0.22139,-1.0387,0
0.16572,-1.0265,0
0.11008,-1.0115,0
0.054539,-0.99365,0
-0.00086118,-0.9728,0
-0.056039,-0.94885,0
-0.11089,-0.9217,0
-0.16529,-0.89121,0
-0.21907,-0.85724,0
-0.272,-0.81966,0
-0.32382,-0.77831,0
-0.37422,-0.73309,0
-0.4228,-0.68388,0
-0.46913,-0.63065,0
-0.51272,-0.5734,0
-0.55302,-0.51221,0
-0.58949,-0.44723,0
-0.62155,-0.37875,0
-0.64868,-0.30713,0
-0.67037,-0.23283,0
-0.6862,-0.15644,0
-0.69584,-0.078589,0
-0.69908,-1.7519e-09,0
-0.69584,0.078589,0
-0.6862,0.15644,0
-0.67037,0.23283,0
-0.64868,0.30713,0
-0.62155,0.37875,0
-0.58949,0.44723,0
-0.55302,0.51221,0
-0.51272,0.5734,0
-0.46913,0.63065,0
-0.4228,0.68388,0
-0.37422,0.73309,0
-0.32382,0.77831,0
-0.272,0.81966,0
-0.21907,0.85724,0
-0.16529,0.89121,0
-0.11089,0.9217,0
-0.056039,0.94885,0
-0.00086118,0.9728,0
0.054539,0.99365,0
0.11008,1.0115,0
0.16572,1.0265,0
0.22139,1.0387,0
0.27706,1.0481,0
0.33271,1.0548,0
0.3883,1.0588,0
0.44383,1.0602,0
0.49927,1.0589,0
0.55461,1.055,0
0.60982,1.0484,0
0.6649,1.0391,0
0.71982,1.027,0
0.77454,1.012,0
0.82904,0.99418,0
0.88327,0.97328,0
0.93717,0.94921,0
0.99066,0.92184,0
1.0437,0.891,0
1.096,0.8565,0
1.1477,0.81812,0
1.1983,0.77562,0
1.2478,0.72874,0
1.2957,0.67722,0
1.3416,0.62081,0
1.3849,0.55929,0
1.4251,0.49255,0
1.4613,0.4206,0
1.4926,0.34367,0
1.5183,0.26225,0
1.5375,0.17705,0
1.5495,0.089138,0
1.5536,1.2635e-09,0
1.5495,-0.089138,0
1.675,-0.098388,0
1.6634,-0.19553,0
1.6447,-0.29012,0
1.6196,-0.38121,0
1.5885,-0.46809,0
1.5522,-0.55024,0
1.5114,-0.62736,0
1.4667,-0.69934,0
1.4187,-0.76618,0
1.3679,-0.82797,0
1.3146,-0.88485,0
1.2593,-0.93698,0
1.2022,-0.98454,0
1.1436,-1.0277,0
1.0837,-1.0665,0
1.0226,-1.1013,0
0.96051,-1.132,0
0.89761,-1.1589,0
0.83401,-1.1819,0
0.76983,-1.2013,0
0.70518,-1.217,0
0.64014,-1.2291,0
0.57482,-1.2377,0
0.50931,-1.2429,0
0.44367,-1.2445,0
0.378,-1.2427,0
0.31238,-1.2375,0
0.24688,-1.2288,0
0.18159,-1.2167,0
0.11659,-1.2011,0
0.051977,-1.1819,0
-0.012157,-1.1592,0
-0.075705,-1.1329,0
-0.13855,-1.1028,0
-0.20055,-1.069,0
-0.26156,-1.0313,0
-0.32139,-0.98973,0
-0.37982,-0.94406,0
-0.43659,-0.89427,0
-0.49139,-0.84028,0
-0.54386,-0.78204,0
-0.59361,-0.71955,0
-0.64016,-0.65285,0
-0.68302,-0.58204,0
-0.72165,-0.50733,0
-0.75552,-0.429,0
-0.7841,-0.34744,0
-0.80692,-0.26314,0
-0.82354,-0.17667,0
-0.83366,-0.088717,0
-0.83705,-1.8522e-09,0
-0.83366,0.088717,0
-0.82354,0.17667,0
-0.80692,0.26314,0
-0.7841,0.34744,0
-0.75552,0.429,0
-0.72165,0.50733,0
-0.68302,0.58204,0
-0.64016,0.65285,0
-0.59361,0.71955,0
-0.54386,0.78204,0
-0.49139,0.84028,0
-0.43659,0.89427,0
-0.37982,0.94406,0
-0.32139,0.98973,0
-0.26156,1.0313,0
-0.20055,1.069,0
-0.13855,1.1028,0
-0.075705,1.1329,0
-0.012157,1.1592,0
0.051977,1.1819,0
0.11659,1.2011,0
0.18159,1.2167,0
0.24688,1.2288,0
0.31238,1.2375,0
0.378,1.2427,0
0.44367,1.2445,0
0.50931,1.2429,0
0.57482,1.2377,0
0.64014,1.2291,0
0.70518,1.217,0
0.76983,1.2013,0
0.83401,1.1819,0
0.89761,1.1589,0
0.96051,1.132,0
1.0226,1.1013,0
1.0837,1.0665,0
1.1436,1.0277,0
1.2022,0.98454,0
1.2593,0.93698,0
1.3146,0.88485,0
1.3679,0.82797,0
1.4187,0.76618,0
1.4667,0.69934,0
1.5114,0.62736,0
1.5522,0.55024,0
1.5885,0.46809,0
1.6196,0.38121,0
1.6447,0.29012,0
1.6634,0.19553,0
1.675,0.098388,0
1.6789,1.3149e-09,0
1.675,-0.098388,0
1.8319,-0.10851,0
1.8207,-0.21585,0
1.8026,-0.3209,0
1.7777,-0.4228,0
1.7467,-0.52085,0
1.7099,-0.6145,0
1.668,-0.70339,0
1.6213,-0.78727,0
1.5703,-0.86604,0
1.5156,-0.93963,0
1.4574,-1.0081,0
1.3962,-1.0714,0
1.3322,-1.1296,0
1.2659,-1.1828,0
1.1974,-1.2311,0
1.127,-1.2746,0
1.0549,-1.3132,0
0.98149,-1.3471,0
0.90685,-1.3764,0
0.8312,-1.401,0
0.75474,-1.4211,0
0.67763,-1.4367,0
0.60006,-1.4478,0
0.52217,-1.4545,0
0.44414,-1.4568,0
0.36611,-1.4546,0
0.28824,-1.4482,0
0.21067,-1.4373,0
0.13357,-1.4221,0
0.057073,-1.4026,0
-0.018656,-1.3786,0
-0.093459,-1.3503,0
-0.16717,-1.3176,0
-0.23962,-1.2805,0
-0.31061,-1.239,0
-0.37996,-1.1929,0
-0.44744,-1.1423,0
-0.5128,-1.0872,0
-0.57579,-1.0276,0
-0.63609,-0.96331,0
-0.69336,-0.89451,0
-0.74724,-0.8212,0
-0.79729,-0.7435,0
-0.84307,-0.66156,0
-0.88409,-0.5756,0
-0.91988,-0.48596,0
-0.94996,-0.39305,0
-0.97389,-0.29736,0
-0.99128,-0.19949,0
-1.0018,-0.10013,0
-1.0054,-1.9664e-09,0
-1.0018,0.10013,0
-0.99128,0.19949,0
-0.97389,0.29736,0
-0.94996,0.39305,0
-0.91988,0.48596,0
-0.88409,0.5756,0
-0.84307,0.66156,0
-0.79729,0.7435,0
-0.74724,0.8212,0
-0.69336,0.89451,0
-0.63609,0.96331,0
-0.57579,1.0276,0
-0.5128,1.0872,0
-0.44744,1.1423,0
-0.37996,1.1929,0
-0.31061,1.239,0
-0.23962,1.2805,0
-0.16717,1.3176,0
-0.093459,1.3503,0
-0.018656,1.3786,0
0.057073,1.4026,0
0.13357,1.4221,0
0.21067,1.4373,0
0.28824,1.4482,0
0.36611,1.4546,0
0.44414,1.4568,0
0.52217,1.4545,0
0.60006,1.4478,0
0.67763,1.4367,0
0.75474,1.4211,0
0.8312,1.401,0
0.90685,1.3764,0
0.98149,1.3471,0
1.0549,1.3132,0
1.127,1.2746,0
1.1974,1.2311,0
1.2659,1.1828,0
1.3322,1.1296,0
1.3962,1.0714,0
1.4574,1.0081,0
1.5156,0.93963,0
1.5703,0.86604,0
1.6213,0.78727,0
1.668,0.70339,0
1.7099,0.6145,0
1.7467,0.52085,0
1.7777,0.4228,0
1.8026,0.3209,0
1.8207,0.21585,0
1.8319,0.10851,0
1.8357,1.3683e-09,0
1.8319,-0.10851,0
2.0282,-0.11992,0
2.0172,-0.23883,0
1.9991,-0.35578,0
1.9741,-0.46998,0
1.9424,-0.58075,0
1.9043,-0.68753,0
1.8602,-0.78985,0
1.8104,-0.88736,0
1.7553,-0.9798,0
1.6953,-1.067,0
1.6308,-1.1487,0
1.5621,-1.2249,0
1.4897,-1.2955,0
1.4138,-1.3605,0
1.3349,-1.4198,0
1.2533,-1.4735,0
1.1693,-1.5214,0
1.0831,-1.5637,0
0.99523,-1.6003,0
0.90582,-1.6313,0
0.81519,-1.6566,0
0.7236,-1.6764,0
0.6313,-1.6906,0
0.53856,-1.6992,0
0.4456,-1.7023,0
0.35268,-1.7,0
0.26002,-1.6921,0
0.16786,-1.6789,0
0.076427,-1.6602,0
-0.014043,-1.6361,0
-0.10332,-1.6067,0
-0.19117,-1.5719,0
-0.27736,-1.5319,0
-0.36165,-1.4865,0
-0.44378,-1.4359,0
-0.52351,-1.3801,0
-0.60056,-1.319,0
-0.67466,-1.2529,0
-0.7455,-1.1816,0
-0.81278,-1.1054,0
-0.87617,-1.0242,0
-0.93529,-0.93827,0
-0.98978,-0.84774,0
-1.0392,-0.75283,0
-1.0832,-0.65383,0
-1.1214,-0.55111,0
-1.1532,-0.44512,0
-1.1785,-0.33638,0
-1.1967,-0.22548,0
-1.2078,-0.11312,0
-1.2115,-2.1078e-09,0
-1.2078,0.11312,0
-1.1967,0.22548,0
-1.1785,0.33638,0
-1.1532,0.44512,0
-1.1214,0.55111,0
-1.0832,0.65383,0
-1.0392,0.75283,0
-0.98978,0.84774,0
-0.93529,0.93827,0
-0.87617,1.0242,0
-0.81278,1.1054,0
-0.7455,1.1816,0
-0.67466,1.2529,0
-0.60056,1.319,0
-0.52351,1.3801,0
-0.44378,1.4359,0
-0.36165,1.4865,0
-0.27736,1.5319,0
-0.19117,1.5719,0
-0.10332,1.6067,0
-0.014043,1.6361,0
0.076427,1.6602,0
0.16786,1.6789,0
0.26002,1.6921,0
0.35268,1.7,0
0.4456,1.7023,0
0.53856,1.6992,0
0.6313,1.6906,0
0.7236,1.6764,0
0.81519,1.6566,0
0.90582,1.6313,0
0.99523,1.6003,0
1.0831,1.5637,0
1.1693,1.5214,0
1.2533,1.4735,0
1.3349,1.4198,0
1.4138,1.3605,0
1.4897,1.2955,0
1.5621,1.2249,0
1.6308,1.1487,0
1.6953,1.067,0
1.7553,0.9798,0
1.8104,0.88736,0
1.8602,0.78985,0
1.9043,0.68753,0
1.9424,0.58075,0
1.9741,0.46998,0
1.9991,0.35578,0
2.0172,0.23883,0
2.0282,0.11992,0
2.0319,1.4425e-09,0
2.0282,-0.11992,0
2.2729,-0.13332,0
2.2616,-0.26581,0
2.2428,-0.39667,0
2.2167,-0.5252,0
2.1831,-0.65072,0
2.1424,-0.77265,0
2.0948,-0.89042,0
2.0404,-1.0036,0
1.9795,-1.1117,0
1.9126,-1.2144,0
1.84,-1.3115,0
1.7621,-1.4026,0
1.6792,-1.4875,0
1.5918,-1.5661,0
1.5003,-1.6382,0
1.4052,-1.7037,0
1.3068,-1.7625,0
1.2056,-1.8146,0
1.1018,-1.8599,0
0.99601,-1.8983,0
0.88848,-1.9299,0
0.7796,-1.9547,0
0.66974,-1.9725,0
0.55924,-1.9836,0
0.44844,-1.9879,0
0.33768,-1.9853,0
0.2273,-1.976,0
0.11762,-1.96,0
0.0089603,-1.9374,0
-0.098348,-1.9082,0
-0.20399,-1.8724,0
-0.30764,-1.8301,0
-0.40898,-1.7815,0
-0.5077,-1.7266,0
-0.60347,-1.6654,0
-0.69596,-1.5982,0
-0.78486,-1.5249,0
-0.86984,-1.4459,0
-0.95056,-1.3611,0
-1.0267,-1.2708,0
-1.0979,-1.1752,0
-1.1638,-1.0745,0
-1.2241,-0.96892,0
-1.2784,-0.85886,0
-1.3263,-0.74463,0
-1.3676,-0.62667,0
-1.4019,-0.50547,0
-1.4289,-0.38156,0
-1.4484,-0.25557,0
-1.4602,-0.12815,0
-1.4641,-2.2927e-09,0
-1.4602,0.12815,0
-1.4484,0.25557,0
-1.4289,0.38156,0
-1.4019,0.50547,0
-1.3676,0.62667,0
-1.3263,0.74463,0
-1.2784,0.85886,0
-1.2241,0.96892,0
-1.1638,1.0745,0
-1.0979,1.1752,0
-1.0267,1.2708,0
-0.95056,1.3611,0
-0.86984,1.4459,0
-0.78486,1.5249,0
-0.69596,1.5982,0
-0.60347,1.6654,0
-0.5077,1.7266,0
-0.40898,1.7815,0
-0.30764,1.8301,0
-0.20399,1.8724,0
-0.098348,1.9082,0
0.0089603,1.9374,0
0.11762,1.96,0
0.2273,1.976,0
0.33768,1.9853,0
0.44844,1.9879,0
0.55924,1.9836,0
0.66974,1.9725,0
0.7796,1.9547,0
0.88848,1.9299,0
0.99601,1.8983,0
1.1018,1.8599,0
1.2056,1.8146,0
1.3068,1.7625,0
1.4052,1.7037,0
1.5003,1.6382,0
1.5918,1.5661,0
1.6792,1.4875,0
1.7621,1.4026,0
1.84,1.3115,0
1.9126,1.2144,0
1.9795,1.1117,0
2.0404,1.0036,0
2.0948,0.89042,0
2.1424,0.77265,0
2.1831,0.65072,0
2.2167,0.5252,0
2.2428,0.39667,0
2.2616,0.26581,0
2.2729,0.13332,0
2.2767,1.561e-09,0
2.2729,-0.13332,0
2.5756,-0.14962,0
2.5634,-0.29856,0
2.543,-0.44614,0
2.5144,-0.59171,0
2.4776,-0.73462,0
2.4326,-0.87423,0
2.3796,-1.0099,0
2.3187,-1.1411,0
2.2502,-1.2673,0
2.1743,-1.3879,0
2.0914,-1.5025,0
2.002,-1.6106,0
1.9064,-1.712,0
1.805,-1.8062,0
1.6985,-1.8931,0
1.5872,-1.9723,0
1.4717,-2.0438,0
1.3524,-2.1073,0
1.2298,-2.1627,0
1.1045,-2.2099,0
0.9769,-2.2489,0
0.84749,-2.2795,0
0.71673,-2.3018,0
0.5851,-2.3158,0
0.45306,-2.3215,0
0.32104,-2.3189,0
0.18951,-2.308,0
0.058901,-2.2889,0
-0.07036,-2.2618,0
-0.19784,-2.2266,0
-0.32312,-2.1834,0
-0.44577,-2.1325,0
-0.56539,-2.074,0
-0.68156,-2.0079,0
-0.79388,-1.9345,0
-0.90196,-1.854,0
-1.0054,-1.7666,0
-1.1038,-1.6725,0
-1.1968,-1.5719,0
-1.2841,-1.4652,0
-1.3652,-1.3527,0
-1.4398,-1.2347,0
-1.5077,-1.1116,0
-1.5684,-0.98372,0
-1.6218,-0.8516,0
-1.6674,-0.71572,0
-1.7051,-0.57661,0
-1.7347,-0.43484,0
-1.756,-0.29104,0
-1.7688,-0.14587,0
-1.7731,-2.5381e-09,0
-1.7688,0.14587,0
-1.756,0.29104,0
-1.7347,0.43484,0
-1.7051,0.57661,0
-1.6674,0.71572,0
-1.6218,0.8516,0
-1.5684,0.98372,0
-1.5077,1.1116,0
-1.4398,1.2347,0
-1.3652,1.3527,0
-1.2841,1.4652,0
-1.1968,1.5719,0
-1.1038,1.6725,0
-1.0054,1.7666,0
-0.90196,1.854,0
-0.79388,1.9345,0
-0.68156,2.0079,0
-0.56539,2.074,0
-0.44577,2.1325,0
-0.32312,2.1834,0
-0.19784,2.2266,0
-0.07036,2.2618,0
0.058901,2.2889,0
0.18951,2.308,0
0.32104,2.3189,0
0.45306,2.3215,0
0.5851,2.3158,0
0.71673,2.3018,0
0.84749,2.2795,0
0.9769,2.2489,0
1.1045,2.2099,0
1.2298,2.1627,0
1.3524,2.1073,0
1.4717,2.0438,0
1.5872,1.9723,0
1.6985,1.8931,0
1.805,1.8062,0
1.9064,1.712,0
2.002,1.6106,0
2.0914,1.5025,0
2.1743,1.3879,0
2.2502,1.2673,0
2.3187,1.1411,0
2.3796,1.0099,0
2.4326,0.87423,0
2.4776,0.73462,0
2.5144,0.59171,0
2.543,0.44614,0
2.5634,0.29856,0
2.5756,0.14962,0
2.5797,1.7469e-09,0
2.5756,-0.14962,0
2.9469,-0.16983,0
2.9331,-0.33905,0
2.91,-0.50706,0
2.8775,-0.67324,0
2.8358,-0.83693,0
2.7846,-0.99747,0
2.7242,-1.1542,0
2.6545,-1.3063,0
2.5759,-1.4533,0
2.4886,-1.5945,0
2.393,-1.7292,0
2.2893,-1.8569,0
2.1781,-1.9771,0
2.0599,-2.0894,0
1.9353,-2.1932,0
1.8047,-2.2883,0
1.6687,-2.3743,0
1.528,-2.451,0
1.3831,-2.5182,0
1.2346,-2.5756,0
1.0832,-2.6232,0
0.92939,-2.6608,0
0.77385,-2.6883,0
0.61715,-2.7058,0
0.45988,-2.7132,0
0.30261,-2.7106,0
0.14593,-2.6979,0
-0.0096026,-2.6754,0
-0.16342,-2.643,0
-0.31498,-2.601,0
-0.46373,-2.5494,0
-0.60914,-2.4885,0
-0.7507,-2.4184,0
-0.88788,-2.3395,0
-1.0202,-2.2519,0
-1.1472,-2.156,0
-1.2683,-2.0521,0
-1.3832,-1.9405,0
-1.4914,-1.8215,0
-1.5925,-1.6957,0
-1.6861,-1.5634,0
-1.7719,-1.4252,0
-1.8496,-1.2814,0
-1.9188,-1.1325,0
-1.9793,-0.97929,0
-2.0309,-0.82215,0
-2.0733,-0.66173,0
-2.1065,-0.49866,0
-2.1303,-0.33357,0
-2.1446,-0.16712,0
-2.1494,-2.86e-09,0
-2.1446,0.16712,0
-2.1303,0.33357,0
-2.1065,0.49866,0
-2.0733,0.66173,0
-2.0309,0.82215,0
-1.9793,0.97929,0
-1.9188,1.1325,0
-1.8496,1.2814,0
-1.7719,1.4252,0
-1.6861,1.5634,0
-1.5925,1.6957,0
-1.4914,1.8215,0
-1.3832,1.9405,0
-1.2683,2.0521,0
-1.1472,2.156,0
-1.0202,2.2519,0
-0.88788,2.3395,0
-0.7507,2.4184,0
-0.60914,2.4885,0
-0.46373,2.5494,0
-0.31498,2.601,0
-0.16342,2.643,0
-0.0096026,2.6754,0
0.14593,2.6979,0
0.30261,2.7106,0
0.45988,2.7132,0
0.61715,2.7058,0
0.77385,2.6883,0
0.92939,2.6608,0
1.0832,2.6232,0
1.2346,2.5756,0
1.3831,2.5182,0
1.528,2.451,0
1.6687,2.3743,0
1.8047,2.2883,0
1.9353,2.1932,0
2.0599,2.0894,0
2.1781,1.9771,0
2.2893,1.8569,0
2.393,1.7292,0
2.4886,1.5945,0
2.5759,1.4533,0
2.6545,1.3063,0
2.7242,1.1542,0
2.7846,0.99747,0
2.8358,0.83693,0
2.8775,0.67324,0
2.91,0.50706,0
2.9331,0.33905,0
2.9469,0.16983,0
2.9515,2.0192e-09,0
2.9469,-0.16983,0
3.3985,-0.19496,0
3.3824,-0.38932,0
3.3555,-0.58248,0
3.3178,-0.77379,0
3.2692,-0.96258,0
3.2098,-1.1481,0
3.1396,-1.3297,0
3.0586,-1.5065,0
2.9672,-1.6778,0
2.8655,-1.8428,0
2.7539,-2.0008,0
2.6329,-2.1511,0
2.5028,-2.2929,0
2.3642,-2.4258,0
2.2177,-2.5492,0
2.064,-2.6625,0
1.9037,-2.7653,0
1.7375,-2.8572,0
1.566,-2.9379,0
1.3901,-3.0072,0
1.2105,-3.0647,0
1.0278,-3.1104,0
0.84295,-3.144,0
0.65654,-3.1656,0
0.46937,-3.1751,0
0.28215,-3.1726,0
0.095614,-3.158,0
-0.089515,-3.1314,0
-0.27254,-3.0931,0
-0.45276,-3.0432,0
-0.6295,-2.9819,0
-0.80209,-2.9094,0
-0.9699,-2.8261,0
-1.1323,-2.7323,0
-1.2887,-2.6282,0
-1.4385,-2.5144,0
-1.5811,-2.3913,0
-1.7161,-2.2594,0
-1.8429,-2.119,0
-1.9611,-1.9708,0
-2.0703,-1.8154,0
-2.1701,-1.6533,0
-2.2602,-1.4851,0
-2.3404,-1.3115,0
-2.4102,-1.1331,0
-2.4697,-0.95059,0
-2.5185,-0.76462,0
-2.5566,-0.57589,0
-2.5838,-0.38508,0
-2.6002,-0.19289,0
-2.6057,-3.2734e-09,0
-2.6002,0.19289,0
-2.5838,0.38508,0
-2.5566,0.57589,0
-2.5185,0.76462,0
-2.4697,0.95059,0
-2.4102,1.1331,0
-2.3404,1.3115,0
-2.2602,1.4851,0
-2.1701,1.6533,0
-2.0703,1.8154,0
-1.9611,1.9708,0
-1.8429,2.119,0
-1.7161,2.2594,0
-1.5811,2.3913,0
-1.4385,2.5144,0
-1.2887,2.6282,0
-1.1323,2.7323,0
-0.9699,2.8261,0
-0.80209,2.9094,0
-0.6295,2.9819,0
-0.45276,3.0432,0
-0.27254,3.0931,0
-0.089515,3.1314,0
0.095614,3.158,0
0.28215,3.1726,0
0.46937,3.1751,0
0.65654,3.1656,0
0.84295,3.144,0
1.0278,3.1104,0
1.2105,3.0647,0
1.3901,3.0072,0
1.566,2.9379,0
1.7375,2.8572,0
1.9037,2.7653,0
2.064,2.6625,0
2.2177,2.5492,0
2.3642,2.4258,0
2.5028,2.2929,0
2.6329,2.1511,0
2.7539,2.0008,0
2.8655,1.8428,0
2.9672,1.6778,0
3.0586,1.5065,0
3.1396,1.3297,0
3.2098,1.1481,0
3.2692,0.96258,0
3.3178,0.77379,0
3.3555,0.58248,0
3.3824,0.38932,0
3.3985,0.19496,0
3.4039,2.3921e-09,0
3.3985,-0.19496,0
3.9443,-0.22606,0
3.9253,-0.45147,0
3.8934,-0.67553,0
3.8489,-0.89756,0
3.7916,-1.1168,0
3.7215,-1.3325,0
3.6388,-1.5437,0
3.5437,-1.7498,0
3.4362,-1.9497,0
3.3167,-2.1427,0
3.1856,-2.3278,0
3.0432,-2.5042,0
2.8902,-2.6712,0
2.727,-2.828,0
2.5544,-2.9738,0
2.3731,-3.1081,0
2.1837,-3.2302,0
1.9871,-3.3397,0
1.7842,-3.436,0
1.5757,-3.5189,0
1.3626,-3.588,0
1.1458,-3.643,0
0.92617,-3.6837,0
0.7046,-3.7101,0
0.48201,-3.7221,0
0.25931,-3.7196,0
0.037401,-3.7028,0
-0.18284,-3.6718,0
-0.40053,-3.6266,0
-0.61482,-3.5676,0
-0.82488,-3.4951,0
-1.0299,-3.4092,0
-1.2291,-3.3106,0
-1.4216,-3.1994,0
-1.6069,-3.0763,0
-1.7842,-2.9418,0
-1.9528,-2.7963,0
-2.1122,-2.6406,0
-2.2617,-2.4752,0
-2.4009,-2.3008,0
-2.5294,-2.1181,0
-2.6467,-1.9279,0
-2.7524,-1.7309,0
-2.8463,-1.5277,0
-2.9281,-1.3193,0
-2.9976,-1.1063,0
-3.0546,-0.88956,0
-3.0991,-0.6698,0
-3.1309,-0.44778,0
-3.15,-0.22426,0
-3.1564,-3.7927e-09,0
-3.15,0.22426,0
-3.1309,0.44778,0
-3.0991,0.6698,0
-3.0546,0.88956,0
-2.9976,1.1063,0
-2.9281,1.3193,0
-2.8463,1.5277,0
-2.7524,1.7309,0
-2.6467,1.9279,0
-2.5294,2.1181,0
-2.4009,2.3008,0
-2.2617,2.4752,0
-2.1122,2.6406,0
-1.9528,2.7963,0
-1.7842,2.9418,0
-1.6069,3.0763,0
-1.4216,3.1994,0
-1.2291,3.3106,0
-1.0299,3.4092,0
-0.82488,3.4951,0
-0.61482,3.5676,0
-0.40053,3.6266,0
-0.18284,3.6718,0
0.037401,3.7028,0
0.25931,3.7196,0
0.48201,3.7221,0
0.7046,3.7101,0
0.92617,3.6837,0
1.1458,3.643,0
1.3626,3.588,0
1.5757,3.5189,0
1.7842,3.436,0
1.9871,3.3397,0
2.1837,3.2302,0
2.3731,3.1081,0
2.5544,2.9738,0
2.727,2.828,0
2.8902,2.6712,0
3.0432,2.5042,0
3.1856,2.3278,0
3.3167,2.1427,0
3.4362,1.9497,0
3.5437,1.7498,0
3.6388,1.5437,0
3.7215,1.3325,0
3.7916,1.1168,0
3.8489,0.89756,0
3.8934,0.67553,0
3.9253,0.45147,0
3.9443,0.22606,0
3.9507,2.8778e-09,0
3.9443,-0.22606,0
4.6009,-0.26427,0
4.5781,-0.52776,0
4.5401,-0.78966,0
4.4871,-1.0492,0
4.4189,-1.3054,0
4.3357,-1.5575,0
4.2376,-1.8045,0
4.1248,-2.0454,0
3.9977,-2.2794,0
3.8564,-2.5054,0
3.7014,-2.7224,0
3.5332,-2.9296,0
3.3524,-3.1258,0
3.1596,-3.3104,0
2.9555,-3.4823,0
2.7411,-3.6409,0
2.517,-3.7854,0
2.2843,-3.9151,0
2.0439,-4.0295,0
1.7969,-4.1281,0
1.5442,-4.2105,0
1.2869,-4.2763,0
1.0261,-4.3252,0
0.76285,-4.3572,0
0.49835,-4.372,0
0.23364,-4.3697,0
-0.030178,-4.3504,0
-0.29204,-4.3141,0
-0.55087,-4.2611,0
-0.80563,-4.1916,0
-1.0553,-4.106,0
-1.2989,-4.0047,0
-1.5355,-3.8882,0
-1.7642,-3.757,0
-1.9841,-3.6117,0
-2.1944,-3.4529,0
-2.3944,-3.2814,0
-2.5832,-3.0978,0
-2.7604,-2.903,0
-2.9252,-2.6977,0
-3.0773,-2.4829,0
-3.216,-2.2593,0
-3.341,-2.0278,0
-3.452,-1.7895,0
-3.5487,-1.545,0
-3.6309,-1.2953,0
-3.6983,-1.0414,0
-3.7509,-0.78402,0
-3.7885,-0.52409,0
-3.8111,-0.26247,0
-3.8186,-4.4336e-09,0
-3.8111,0.26247,0
-3.7885,0.52409,0
-3.7509,0.78402,0
-3.6983,1.0414,0
-3.6309,1.2953,0
-3.5487,1.545,0
-3.452,1.7895,0
-3.341,2.0278,0
-3.216,2.2593,0
-3.0773,2.4829,0
-2.9252,2.6977,0
-2.7604,2.903,0
-2.5832,3.0978,0
-2.3944,3.2814,0
-2.1944,3.4529,0
-1.9841,3.6117,0
-1.7642,3.757,0
-1.5355,3.8882,0
-1.2989,4.0047,0
-1.0553,4.106,0
-0.80563,4.1916,0
-0.55087,4.2611,0
-0.29204,4.3141,0
-0.030178,4.3504,0
0.23364,4.3697,0
0.49835,4.372,0
0.76285,4.3572,0
1.0261,4.3252,0
1.2869,4.2763,0
1.5442,4.2105,0
1.7969,4.1281,0
2.0439,4.0295,0
2.2843,3.9151,0
2.517,3.7854,0
2.7411,3.6409,0
2.9555,3.4823,0
3.1596,3.3104,0
3.3524,3.1258,0
3.5332,2.9296,0
3.7014,2.7224,0
3.8564,2.5054,0
3.9977,2.2794,0
4.1248,2.0454,0
4.2376,1.8045,0
4.3357,1.5575,0
4.4189,1.3054,0
4.4871,1.0492,0
4.5401,0.78966,0
4.5781,0.52776,0
4.6009,0.26427,0
4.6084,3.4894e-09,0
4.6009,-0.26427,0
5.3882,-0.31087,0
5.3609,-0.62078,0
5.3155,-0.92875,0
5.252,-1.2338,0
5.1706,-1.5349,0
5.0713,-1.831,0
4.9545,-2.1211,0
4.8203,-2.404,0
4.6691,-2.6787,0
4.5013,-2.9441,0
4.3173,-3.199,0
4.1179,-3.4424,0
3.9036,-3.6732,0
3.6751,-3.8903,0
3.4334,-4.0928,0
3.1794,-4.2797,0
2.9139,-4.4502,0
2.6382,-4.6035,0
2.3532,-4.7388,0
2.0602,-4.8556,0
1.7605,-4.9534,0
1.4552,-5.0317,0
1.1456,-5.0901,0
0.83313,-5.1285,0
0.51899,-5.1466,0
0.20452,-5.1446,0
-0.10896,-5.1223,0
-0.42016,-5.0799,0
-0.72779,-5.0178,0
-1.0306,-4.9361,0
-1.3274,-4.8354,0
-1.617,-4.7161,0
-1.8982,-4.5788,0
-2.1701,-4.4241,0
-2.4314,-4.2528,0
-2.6814,-4.0656,0
-2.919,-3.8634,0
-3.1435,-3.6471,0
-3.354,-3.4175,0
-3.55,-3.1757,0
-3.7307,-2.9226,0
-3.8956,-2.6593,0
-4.0443,-2.3868,0
-4.1763,-2.1061,0
-4.2913,-1.8184,0
-4.3891,-1.5245,0
-4.4694,-1.2256,0
-4.5319,-0.92272,0
-4.5767,-0.61681,0
-4.6036,-0.3089,0
-4.6126,-5.2147e-09,0
-4.6036,0.3089,0
-4.5767,0.61681,0
-4.5319,0.92272,0
-4.4694,1.2256,0
-4.3891,1.5245,0
-4.2913,1.8184,0
-4.1763,2.1061,0
-4.0443,2.3868,0
-3.8956,2.6593,0
-3.7307,2.9226,0
-3.55,3.1757,0
-3.354,3.4175,0
-3.1435,3.6471,0
-2.919,3.8634,0
-2.6814,4.0656,0
-2.4314,4.2528,0
-2.1701,4.4241,0
-1.8982,4.5788,0
-1.617,4.7161,0
-1.3274,4.8354,0
-1.0306,4.9361,0
-0.72779,5.0178,0
-0.42016,5.0799,0
-0.10896,5.1223,0
0.20452,5.1446,0
0.51899,5.1466,0
0.83313,5.1285,0
1.1456,5.0901,0
1.4552,5.0317,0
1.7605,4.9534,0
2.0602,4.8556,0
2.3532,4.7388,0
2.6382,4.6035,0
2.9139,4.4502,0
3.1794,4.2797,0
3.4334,4.0928,0
3.6751,3.8903,0
3.9036,3.6732,0
4.1179,3.4424,0
4.3173,3.199,0
4.5013,2.9441,0
4.6691,2.6787,0
4.8203,2.404,0
4.9545,2.1211,0
5.0713,1.831,0
5.1706,1.5349,0
5.252,1.2338,0
5.3155,0.92875,0
5.3609,0.62078,0
5.3882,0.31087,0
5.3973,4.2434e-09,0
5.3882,-0.31087,0
6.3309,-0.36739,0
6.2982,-0.73359,0
6.2437,-1.0974,0
6.1677,-1.4576,0
6.0702,-1.813,0
5.9515,-2.1623,0
5.8119,-2.5043,0
5.6518,-2.8378,0
5.4716,-3.1614,0
5.2717,-3.4739,0
5.0529,-3.7741,0
4.8158,-4.0606,0
4.5611,-4.3323,0
4.2899,-4.5879,0
4.003,-4.8264,0
3.7015,-5.0467,0
3.3866,-5.2477,0
3.0595,-5.4285,0
2.7214,-5.5884,0
2.3739,-5.7264,0
2.0183,-5.8421,0
1.656,-5.9349,0
1.2886,-6.0044,0
0.91762,-6.0502,0
0.54462,-6.0722,0
0.17116,-6.0703,0
-0.20121,-6.0445,0
-0.57095,-5.9951,0
-0.93653,-5.9222,0
-1.2965,-5.8263,0
-1.6493,-5.7079,0
-1.9936,-5.5675,0
-2.3281,-5.4058,0
-2.6514,-5.2236,0
-2.9624,-5.0217,0
-3.2599,-4.801,0
-3.5427,-4.5626,0
-3.81,-4.3075,0
-4.0609,-4.0367,0
-4.2943,-3.7514,0
-4.5098,-3.4527,0
-4.7065,-3.142,0
-4.8839,-2.8203,0
-5.0415,-2.4889,0
-5.1789,-2.149,0
-5.2957,-1.8018,0
-5.3917,-1.4487,0
-5.4666,-1.0907,0
-5.5201,-0.72913,0
-5.5523,-0.36516,0
-5.5631,-6.1586e-09,0
-5.5523,0.36516,0
-5.5201,0.72913,0
-5.4666,1.0907,0
-5.3917,1.4487,0
-5.2957,1.8018,0
-5.1789,2.149,0
-5.0415,2.4889,0
-4.8839,2.8203,0
-4.7065,3.142,0
-4.5098,3.4527,0
-4.2943,3.7514,0
-4.0609,4.0367,0
-3.81,4.3075,0
-3.5427,4.5626,0
-3.2599,4.801,0
-2.9624,5.0217,0
-2.6514,5.2236,0
-2.3281,5.4058,0
-1.9936,5.5675,0
-1.6493,5.7079,0
-1.2965,5.8263,0
-0.93653,5.9222,0
-0.57095,5.9951,0
-0.20121,6.0445,0
0.17116,6.0703,0
0.54462,6.0722,0
0.91762,6.0502,0
1.2886,6.0044,0
1.656,5.9349,0
2.0183,5.8421,0
2.3739,5.7264,0
2.7214,5.5884,0
3.0595,5.4285,0
3.3866,5.2477,0
3.7015,5.0467,0
4.003,4.8264,0
4.2899,4.5879,0
4.5611,4.3323,0
4.8158,4.0606,0
5.0529,3.7741,0
5.2717,3.4739,0
5.4716,3.1614,0
5.6518,2.8378,0
5.8119,2.5043,0
5.9515,2.1623,0
6.0702,1.813,0
6.1677,1.4576,0
6.2437,1.0974,0
6.2982,0.73359,0
6.3309,0.36739,0
6.3418,5.1606e-09,0
6.3309,-0.36739,0
7.4585,-0.43567,0
7.4192,-0.86986,0
7.354,-1.3011,0
7.2628,-1.7279,0
7.1461,-2.1488,0
7.0041,-2.5623,0
6.8371,-2.967,0
6.6458,-3.3612,0
6.4306,-3.7437,0
6.1922,-4.1127,0
5.9313,-4.4671,0
5.6489,-4.8052,0
5.3459,-5.1257,0
5.0233,-5.4272,0
4.6822,-5.7084,0
4.324,-5.9682,0
3.95,-6.2053,0
3.5615,-6.4186,0
3.1602,-6.6072,0
2.7477,-6.7703,0
2.3255,-6.907,0
1.8955,-7.0168,0
1.4594,-7.0991,0
1.019,-7.1535,0
0.57608,-7.18,0
0.13257,-7.1782,0
-0.30974,-7.1484,0
-0.74902,-7.0906,0
-1.1835,-7.0051,0
-1.6113,-6.8925,0
-2.0309,-6.7532,0
-2.4404,-6.5879,0
-2.8384,-6.3974,0
-3.2232,-6.1827,0
-3.5935,-5.9446,0
-3.9479,-5.6843,0
-4.285,-5.4028,0
-4.6037,-5.1015,0
-4.903,-4.7816,0
-5.1817,-4.4444,0
-5.439,-4.0913,0
-5.6741,-3.7237,0
-5.8862,-3.3429,0
-6.0748,-2.9506,0
-6.2393,-2.548,0
-6.3792,-2.1367,0
-6.4941,-1.7181,0
-6.5839,-1.2936,0
-6.6481,-0.86485,0
-6.6867,-0.43315,0
-6.6996,-7.2932e-09,0
-6.6867,0.43315,0
-6.6481,0.86485,0
-6.5839,1.2936,0
-6.4941,1.7181,0
-6.3792,2.1367,0
-6.2393,2.548,0
-6.0748,2.9506,0
-5.8862,3.3429,0
-5.6741,3.7237,0
-5.439,4.0913,0
-5.1817,4.4444,0
-4.903,4.7816,0
-4.6037,5.1015,0
-4.285,5.4028,0
-3.9479,5.6843,0
-3.5935,5.9446,0
-3.2232,6.1827,0
-2.8384,6.3974,0
-2.4404,6.5879,0
-2.0309,6.7532,0
-1.6113,6.8925,0
-1.1835,7.0051,0
-0.74902,7.0906,0
-0.30974,7.1484,0
0.13257,7.1782,0
0.57608,7.18,0
1.019,7.1535,0
1.4594,7.0991,0
1.8955,7.0168,0
2.3255,6.907,0
2.7477,6.7703,0
3.1602,6.6072,0
3.5615,6.4186,0
3.95,6.2053,0
4.324,5.9682,0
4.6822,5.7084,0
5.0233,5.4272,0
5.3459,5.1257,0
5.6489,4.8052,0
5.9313,4.4671,0
6.1922,4.1127,0
6.4306,3.7437,0
6.6458,3.3612,0
6.8371,2.967,0
7.0041,2.5623,0
7.1461,2.1488,0
7.2628,1.7279,0
7.354,1.3011,0
7.4192,0.86986,0
7.4585,0.43567,0
7.4716,6.2675e-09,0
7.4585,-0.43567,0
8.8069,-0.5179,0
8.7599,-1.034,0
8.6816,-1.5465,0
8.5724,-2.0535,0
8.4326,-2.5533,0
8.2625,-3.0442,0
8.0628,-3.5242,0
7.8339,-3.9916,0
7.5768,-4.4447,0
7.2922,-4.8818,0
6.9809,-5.3011,0
6.6442,-5.7011,0
6.2831,-6.08,0
5.8989,-6.4363,0
5.493,-6.7686,0
5.0669,-7.0754,0
4.6221,-7.3553,0
4.1604,-7.6072,0
3.6836,-7.83,0
3.1935,-8.0226,0
2.6921,-8.1841,0
2.1814,-8.3139,0
1.6635,-8.4114,0
1.1404,-8.476,0
0.61438,-8.5076,0
0.087538,-8.506,0
-0.43797,-8.4713,0
-0.95999,-8.4035,0
-1.4764,-8.3031,0
-1.9851,-8.1706,0
-2.4842,-8.0066,0
-2.9715,-7.8118,0
-3.4452,-7.5872,0
-3.9036,-7.3338,0
-4.3448,-7.0526,0
-4.7672,-6.7451,0
-5.1693,-6.4124,0
-5.5497,-6.056,0
-5.907,-5.6774,0
-6.24,-5.2781,0
-6.5477,-4.8597,0
-6.8289,-4.4239,0
-7.0829,-3.9723,0
-7.3087,-3.5067,0
-7.5058,-3.0287,0
-7.6736,-2.5402,0
-7.8115,-2.0427,0
-7.9191,-1.5383,0
-7.9963,-1.0285,0
-8.0426,-0.51511,0
-8.0581,-8.6521e-09,0
-8.0426,0.51511,0
-7.9963,1.0285,0
-7.9191,1.5383,0
-7.8115,2.0427,0
-7.6736,2.5402,0
-7.5058,3.0287,0
-7.3087,3.5067,0
-7.0829,3.9723,0
-6.8289,4.4239,0
-6.5477,4.8597,0
-6.24,5.2781,0
-5.907,5.6774,0
-5.5497,6.056,0
-5.1693,6.4124,0
-4.7672,6.7451,0
-4.3448,7.0526,0
-3.9036,7.3338,0
-3.4452,7.5872,0
-2.9715,7.8118,0
-2.4842,8.0066,0
-1.9851,8.1706,0
-1.4764,8.3031,0
-0.95999,8.4035,0
-0.43797,8.4713,0
0.087538,8.506,0
0.61438,8.5076,0
1.1404,8.476,0
1.6635,8.4114,0
2.1814,8.3139,0
2.6921,8.1841,0
3.1935,8.0226,0
3.6836,7.83,0
4.1604,7.6072,0
4.6221,7.3553,0
5.0669,7.0754,0
5.493,6.7686,0
5.8989,6.4363,0
6.2831,6.08,0
6.6442,5.7011,0
6.9809,5.3011,0
7.2922,4.8818,0
7.5768,4.4447,0
7.8339,3.9916,0
8.0628,3.5242,0
8.2625,3.0442,0
8.4326,2.5533,0
8.5724,2.0535,0
8.6816,1.5465,0
8.7599,1.034,0
8.8069,0.5179,0
8.8226,7.5973e-09,0
8.8069,-0.5179,0
10.42,-0.61677,0
10.363,-1.2313,0
10.269,-1.8415,0
10.139,-2.445,0
9.971,-3.0397,0
9.7674,-3.6234,0
9.5284,-4.1941,0
9.2547,-4.7495,0
8.9473,-5.2876,0
8.6073,-5.8064,0
8.2356,-6.3038,0
7.8338,-6.778,0
7.4032,-7.227,0
6.9452,-7.649,0
6.4617,-8.0423,0
5.9543,-8.4054,0
5.425,-8.7366,0
4.8757,-9.0345,0
4.3087,-9.2979,0
3.726,-9.5257,0
3.13,-9.7168,0
2.523,-9.8703,0
1.9075,-9.9857,0
1.2859,-10.062,0
0.66078,-10.1,0
0.034628,-10.099,0
-0.59002,-10.058,0
-1.2107,-9.9783,0
-1.8248,-9.8601,0
-2.43,-9.7039,0
-3.0238,-9.5104,0
-3.604,-9.2805,0
-4.1682,-9.0151,0
-4.7143,-8.7156,0
-5.2403,-8.3831,0
-5.7442,-8.0191,0
-6.2241,-7.6251,0
-6.6783,-7.2028,0
-7.1053,-6.7539,0
-7.5034,-6.2802,0
-7.8714,-5.7836,0
-8.208,-5.2659,0
-8.5122,-4.7293,0
-8.7828,-4.1756,0
-9.0191,-3.607,0
-9.2203,-3.0256,0
-9.3857,-2.4334,0
-9.5149,-1.8326,0
-9.6075,-1.2253,0
-9.6632,-0.61374,0
-9.6817,-1.0277e-08,0
-9.6632,0.61374,0
-9.6075,1.2253,0
-9.5149,1.8326,0
-9.3857,2.4334,0
-9.2203,3.0256,0
-9.0191,3.607,0
-8.7828,4.1756,0
-8.5122,4.7293,0
-8.208,5.2659,0
-7.8714,5.7836,0
-7.5034,6.2802,0
-7.1053,6.7539,0
-6.6783,7.2028,0
-6.2241,7.6251,0
-5.7442,8.0191,0
-5.2403,8.3831,0
-4.7143,8.7156,0
-4.1682,9.0151,0
-3.604,9.2805,0
-3.0238,9.5104,0
-2.43,9.7039,0
-1.8248,9.8601,0
-1.2107,9.9783,0
-0.59002,10.058,0
0.034628,10.099,0
0.66078,10.1,0
1.2859,10.062,0
1.9075,9.9857,0
2.523,9.8703,0
3.13,9.7168,0
3.726,9.5257,0
4.3087,9.2979,0
4.8757,9.0345,0
5.425,8.7366,0
5.9543,8.4054,0
6.4617,8.0423,0
6.9452,7.649,0
7.4032,7.227,0
7.8338,6.778,0
8.2356,6.3038,0
8.6073,5.8064,0
8.9473,5.2876,0
9.2547,4.7495,0
9.5284,4.1941,0
9.7674,3.6234,0
9.971,3.0397,0
10.139,2.445,0
10.269,1.8415,0
10.363,1.2313,0
10.42,0.61677,0
10.438,9.1908e-09,0
10.42,-0.61677,0
12.349,-0.73546,0
12.281,-1.4682,0
12.169,-2.1956,0
12.012,-2.915,0
11.811,-3.6237,0
11.568,-4.3191,0
11.282,-4.9986,0
10.954,-5.6597,0
10.587,-6.3,0
10.18,-6.9169,0
9.7365,-7.5081,0
9.2567,-8.0714,0
8.7428,-8.6045,0
8.1966,-9.1054,0
7.6201,-9.572,0
7.0155,-10.002,0
6.385,-10.395,0
5.731,-10.748,0
5.056,-11.06,0
4.3626,-11.33,0
3.6535,-11.556,0
2.9315,-11.738,0
2.1995,-11.875,0
1.4603,-11.966,0
0.71683,-12.011,0
-0.027883,-12.01,0
-0.7709,-11.962,0
-1.5093,-11.868,0
-2.2401,-11.728,0
-2.9604,-11.544,0
-3.6675,-11.315,0
-4.3586,-11.043,0
-5.0309,-10.729,0
-5.682,-10.374,0
-6.3094,-9.9802,0
-6.9107,-9.5487,0
-7.4837,-9.0813,0
-8.0263,-8.58,0
-8.5366,-8.0468,0
-9.0127,-7.4838,0
-9.4531,-6.8933,0
-9.856,-6.2774,0
-10.22,-5.6386,0
-10.545,-4.9792,0
-10.828,-4.3018,0
-11.069,-3.6088,0
-11.268,-2.9027,0
-11.423,-2.1862,0
-11.534,-1.4619,0
-11.601,-0.73225,0
-11.623,-1.2217e-08,0
-11.601,0.73225,0
-11.534,1.4619,0
-11.423,2.1862,0
-11.268,2.9027,0
-11.069,3.6088,0
-10.828,4.3018,0
-10.545,4.9792,0
-10.22,5.6386,0
-9.856,6.2774,0
-9.4531,6.8933,0
-9.0127,7.4838,0
-8.5366,8.0468,0
-8.0263,8.58,0
-7.4837,9.0813,0
-6.9107,9.5487,0
-6.3094,9.9802,0
-5.682,10.374,0
-5.0309,10.729,0
-4.3586,11.043,0
-3.6675,11.315,0
-2.9604,11.544,0
-2.2401,11.728,0
-1.5093,11.868,0
-0.7709,11.962,0
-0.027883,12.01,0
0.71683,12.011,0
1.4603,11.966,0
2.1995,11.875,0
2.9315,11.738,0
3.6535,11.556,0
4.3626,11.33,0
5.056,11.06,0
5.731,10.748,0
6.385,10.395,0
7.0155,10.002,0
7.6201,9.572,0
8.1966,9.1054,0
8.7428,8.6045,0
9.2567,8.0714,0
9.7365,7.5081,0
10.18,6.9169,0
10.587,6.3,0
10.954,5.6597,0
11.282,4.9986,0
11.568,4.3191,0
11.811,3.6237,0
12.012,2.915,0
12.169,2.1956,0
12.281,1.4682,0
12.349,0.73546,0
12.371,1.1098e-08,0
12.349,-0.73546,0
14.657,-0.87785,0
14.576,-1.7525,0
14.442,-2.6205,0
14.254,-3.4789,0
14.014,-4.3244,0
13.722,-5.1538,0
13.38,-5.964,0
12.988,-6.752,0
12.549,-7.5148,0
12.063,-8.2496,0
11.533,-8.9535,0
10.96,-9.6239,0
10.346,-10.258,0
9.6943,-10.854,0
9.0066,-11.408,0
8.2856,-11.92,0
7.5339,-12.386,0
6.7546,-12.805,0
5.9504,-13.176,0
5.1246,-13.496,0
4.2803,-13.764,0
3.4207,-13.98,0
2.5493,-14.143,0
1.6694,-14.251,0
0.78444,-14.304,0
-0.10203,-14.303,0
-0.98657,-14.247,0
-1.8657,-14.136,0
-2.736,-13.971,0
-3.5941,-13.752,0
-4.4365,-13.481,0
-5.2602,-13.159,0
-6.0619,-12.786,0
-6.8385,-12.365,0
-7.5871,-11.897,0
-8.305,-11.385,0
-8.9894,-10.829,0
-9.6378,-10.233,0
-10.248,-9.5987,0
-10.817,-8.9286,0
-11.344,-8.2253,0
-11.827,-7.4916,0
-12.263,-6.7301,0
-12.651,-5.9439,0
-12.991,-5.1358,0
-13.28,-4.3089,0
-13.518,-3.4662,0
-13.704,-2.6108,0
-13.837,-1.7458,0
-13.917,-0.87451,0
-13.944,-1.4532e-08,0
-13.917,0.87451,0
-13.837,1.7458,0
-13.704,2.6108,0
-13.518,3.4662,0
-13.28,4.3089,0
-12.991,5.1358,0
-12.651,5.9439,0
-12.263,6.7301,0
-11.827,7.4916,0
-11.344,8.2253,0
-10.817,8.9286,0
-10.248,9.5987,0
-9.6378,10.233,0
-8.9894,10.829,0
-8.305,11.385,0
-7.5871,11.897,0
-6.8385,12.365,0
-6.0619,12.786,0
-5.2602,13.159,0
-4.4365,13.481,0
-3.5941,13.752,0
-2.736,13.971,0
-1.8657,14.136,0
-0.98657,14.247,0
-0.10203,14.303,0
0.78444,14.304,0
1.6694,14.251,0
2.5493,14.143,0
3.4207,13.98,0
4.2803,13.764,0
5.1246,13.496,0
5.9504,13.176,0
6.7546,12.805,0
7.5339,12.386,0
8.2856,11.92,0
9.0066,11.408,0
9.6943,10.854,0
10.346,10.258,0
10.96,9.6239,0
11.533,8.9535,0
12.063,8.2496,0
12.549,7.5148,0
12.988,6.752,0
13.38,5.964,0
13.722,5.1538,0
14.014,4.3244,0
14.254,3.4789,0
14.442,2.6205,0
14.576,1.7525,0
14.657,0.87785,0
14.684,1.3378e-08,0
14.657,-0.87785,0
17.42,-1.0486,0
17.324,-2.0932,0
17.163,-3.13,0
16.938,-4.1551,0
16.651,-5.1646,0
16.302,-6.1547,0
15.892,-7.1218,0
15.424,-8.0621,0
14.899,-8.9721,0
14.318,-9.8483,0
13.684,-10.687,0
12.999,-11.486,0
12.266,-12.242,0
11.488,-12.951,0
10.667,-13.612,0
9.8068,-14.22,0
8.9102,-14.775,0
7.9807,-15.274,0
7.0219,-15.714,0
6.0375,-16.095,0
5.0312,-16.415,0
4.0069,-16.671,0
2.9686,-16.864,0
1.9202,-16.993,0
0.86594,-17.057,0
-0.19024,-17.055,0
-1.2442,-16.989,0
-2.2918,-16.857,0
-3.3291,-16.661,0
-4.3519,-16.402,0
-5.3565,-16.08,0
-6.3389,-15.697,0
-7.2953,-15.254,0
-8.2221,-14.754,0
-9.1159,-14.198,0
-9.9732,-13.588,0
-10.791,-12.926,0
-11.566,-12.216,0
-12.295,-11.461,0
-12.977,-10.662,0
-13.607,-9.8235,0
-14.184,-8.9483,0
-14.707,-8.0397,0
-15.172,-7.1012,0
-15.579,-6.1364,0
-15.925,-5.1487,0
-16.211,-4.142,0
-16.434,-3.12,0
-16.593,-2.0864,0
-16.689,-1.0451,0
-16.722,-1.7297e-08,0
-16.689,1.0451,0
-16.593,2.0864,0
-16.434,3.12,0
-16.211,4.142,0
-15.925,5.1487,0
-15.579,6.1364,0
-15.172,7.1012,0
-14.707,8.0397,0
-14.184,8.9483,0
-13.607,9.8235,0
-12.977,10.662,0
-12.295,11.461,0
-11.566,12.216,0
-10.791,12.926,0
-9.9732,13.588,0
-9.1159,14.198,0
-8.2221,14.754,0
-7.2953,15.254,0
-6.3389,15.697,0
-5.3565,16.08,0
-4.3519,16.402,0
-3.3291,16.661,0
-2.2918,16.857,0
-1.2442,16.989,0
-0.19024,17.055,0
0.86594,17.057,0
1.9202,16.993,0
2.9686,16.864,0
4.0069,16.671,0
5.0312,16.415,0
6.0375,16.095,0
7.0219,15.714,0
7.9807,15.274,0
8.9102,14.775,0
9.8068,14.22,0
10.667,13.612,0
11.488,12.951,0
12.266,12.242,0
12.999,11.486,0
13.684,10.687,0
14.318,9.8483,0
14.899,8.9721,0
15.424,8.0621,0
15.892,7.1218,0
16.302,6.1547,0
16.651,5.1646,0
16.938,4.1551,0
17.163,3.13,0
17.324,2.0932,0
17.42,1.0486,0
17.453,1.6106e-08,0
17.42,-1.0486,0
20.73,-1.2532,0
20.614,-2.5017,0
20.421,-3.7407,0
20.153,-4.9656,0
19.809,-6.1718,0
19.391,-7.3547,0
18.902,-8.5098,0
18.342,-9.6328,0
17.713,-10.719,0
17.019,-11.765,0
16.261,-12.767,0
15.443,-13.72,0
14.567,-14.622,0
13.638,-15.468,0
12.657,-16.255,0
11.63,-16.981,0
10.56,-17.642,0
9.4504,-18.236,0
8.3064,-18.761,0
7.132,-19.214,0
5.9316,-19.595,0
4.7099,-19.901,0
3.4716,-20.131,0
2.2214,-20.284,0
0.96416,-20.36,0
-0.29535,-20.359,0
-1.5523,-20.28,0
-2.8018,-20.123,0
-4.039,-19.891,0
-5.2594,-19.582,0
-6.458,-19.199,0
-7.6305,-18.743,0
-8.7722,-18.216,0
-9.879,-17.62,0
-10.947,-16.957,0
-11.971,-16.23,0
-12.948,-15.442,0
-13.875,-14.596,0
-14.747,-13.694,0
-15.562,-12.741,0
-16.316,-11.74,0
-17.007,-10.695,0
-17.632,-9.6101,0
-18.19,-8.489,0
-18.677,-7.3361,0
-19.092,-6.1558,0
-19.434,-4.9524,0
-19.701,-3.7306,0
-19.892,-2.4948,0
-20.008,-1.2497,0
-20.046,-2.0598e-08,0
-20.008,1.2497,0
-19.892,2.4948,0
-19.701,3.7306,0
-19.434,4.9524,0
-19.092,6.1558,0
-18.677,7.3361,0
-18.19,8.489,0
-17.632,9.6101,0
-17.007,10.695,0
-16.316,11.74,0
-15.562,12.741,0
-14.747,13.694,0
-13.875,14.596,0
-12.948,15.442,0
-11.971,16.23,0
-10.947,16.957,0
-9.879,17.62,0
-8.7722,18.216,0
-7.6305,18.743,0
-6.458,19.199,0
-5.2594,19.582,0
-4.039,19.891,0
-2.8018,20.123,0
-1.5523,20.28,0
-0.29535,20.359,0
0.96416,20.36,0
2.2214,20.284,0
3.4716,20.131,0
4.7099,19.901,0
5.9316,19.595,0
7.132,19.214,0
8.3064,18.761,0
9.4504,18.236,0
10.56,17.642,0
11.63,16.981,0
12.657,16.255,0
13.638,15.468,0
14.567,14.622,0
15.443,13.72,0
16.261,12.767,0
17.019,11.765,0
17.713,10.719,0
18.342,9.6328,0
18.902,8.5098,0
19.391,7.3547,0
19.809,6.1718,0
20.153,4.9656,0
20.421,3.7407,0
20.614,2.5017,0
20.73,1.2532,0
20.769,1.9369e-08,0
20.73,-1.2532,0
24.695,-1.4985,0
24.556,-2.9912,0
24.326,-4.4727,0
24.004,-5.9371,0
23.593,-7.3791,0
23.093,-8.7931,0
22.508,-10.174,0
21.838,-11.516,0
21.086,-12.814,0
20.256,-14.064,0
19.35,-15.26,0
18.372,-16.399,0
17.326,-17.475,0
16.215,-18.485,0
15.043,-19.425,0
13.816,-20.291,0
12.538,-21.08,0
11.213,-21.789,0
9.8469,-22.416,0
8.4447,-22.957,0
7.0117,-23.411,0
5.5534,-23.775,0
4.0753,-24.05,0
2.5831,-24.233,0
1.0825,-24.324,0
-0.4208,-24.323,0
-1.9211,-24.229,0
-3.4126,-24.043,0
-4.8896,-23.765,0
-6.3466,-23.398,0
-7.7779,-22.941,0
-9.1781,-22.398,0
-10.542,-21.769,0
-11.864,-21.059,0
-13.14,-20.268,0
-14.364,-19.4,0
-15.532,-18.46,0
-16.64,-17.449,0
-17.684,-16.373,0
-18.658,-15.234,0
-19.561,-14.039,0
-20.388,-12.79,0
-21.137,-11.493,0
-21.804,-10.153,0
-22.387,-8.7745,0
-22.884,-7.363,0
-23.294,-5.9239,0
-23.614,-4.4625,0
-23.843,-2.9844,0
-23.981,-1.495,0
-24.027,-2.4542e-08,0
-23.981,1.495,0
-23.843,2.9844,0
-23.614,4.4625,0
-23.294,5.9239,0
-22.884,7.363,0
-22.387,8.7745,0
-21.804,10.153,0
-21.137,11.493,0
-20.388,12.79,0
-19.561,14.039,0
-18.658,15.234,0
-17.684,16.373,0
-16.64,17.449,0
-15.532,18.46,0
-14.364,19.4,0
-13.14,20.268,0
-11.864,21.059,0
-10.542,21.769,0
-9.1781,22.398,0
-7.7779,22.941,0
-6.3466,23.398,0
-4.8896,23.765,0
-3.4126,24.043,0
-1.9211,24.229,0
-0.4208,24.323,0
1.0825,24.324,0
2.5831,24.233,0
4.0753,24.05,0
5.5534,23.775,0
7.0117,23.411,0
8.4447,22.957,0
9.8469,22.416,0
11.213,21.789,0
12.538,21.08,0
13.816,20.291,0
15.043,19.425,0
16.215,18.485,0
17.326,17.475,0
18.372,16.399,0
19.35,15.26,0
20.256,14.064,0
21.086,12.814,0
21.838,11.516,0
22.508,10.174,0
23.093,8.7931,0
23.593,7.3791,0
24.004,5.9371,0
24.326,4.4727,0
24.556,2.9912,0
24.695,1.4985,0
24.741,2.3274e-08,0
24.695,-1.4985,0
29.447,-1.7924,0
29.281,-3.5779,0
29.005,-5.3499,0
28.62,-7.1015,0
28.128,-8.8261,0
27.531,-10.517,0
26.83,-12.168,0
26.029,-13.773,0
25.13,-15.325,0
24.137,-16.82,0
23.054,-18.25,0
21.884,-19.611,0
20.633,-20.897,0
19.305,-22.104,0
17.905,-23.227,0
16.438,-24.262,0
14.91,-25.205,0
13.327,-26.052,0
11.695,-26.8,0
10.02,-27.446,0
8.3077,-27.988,0
6.5657,-28.424,0
4.8,-28.752,0
3.0176,-28.971,0
1.2251,-29.08,0
-0.57063,-29.078,0
-2.3628,-28.966,0
-4.1445,-28.745,0
-5.9091,-28.414,0
-7.6499,-27.975,0
-9.3601,-27.431,0
-11.033,-26.782,0
-12.663,-26.032,0
-14.244,-25.183,0
-15.769,-24.238,0
-17.233,-23.202,0
-18.63,-22.078,0
-19.955,-20.871,0
-21.203,-19.584,0
-22.369,-18.224,0
-23.449,-16.794,0
-24.439,-15.301,0
-25.335,-13.75,0
-26.134,-12.147,0
-26.832,-10.499,0
-27.428,-8.8101,0
-27.918,-7.0884,0
-28.301,-5.3398,0
-28.576,-3.5711,0
-28.741,-1.7889,0
-28.796,-2.9256e-08,0
-28.741,1.7889,0
-28.576,3.5711,0
-28.301,5.3398,0
-27.918,7.0884,0
-27.428,8.8101,0
-26.832,10.499,0
-26.134,12.147,0
-25.335,13.75,0
-24.439,15.301,0
-23.449,16.794,0
-22.369,18.224,0
-21.203,19.584,0
-19.955,20.871,0
-18.63,22.078,0
-17.233,23.202,0
-15.769,24.238,0
-14.244,25.183,0
-12.663,26.032,0
-11.033,26.782,0
-9.3601,27.431,0
-7.6499,27.975,0
-5.9091,28.414,0
-4.1445,28.745,0
-2.3628,28.966,0
-0.57063,29.078,0
1.2251,29.08,0
3.0176,28.971,0
4.8,28.752,0
6.5657,28.424,0
8.3077,27.988,0
10.02,27.446,0
11.695,26.8,0
13.327,26.052,0
14.91,25.205,0
16.438,24.262,0
17.905,23.227,0
19.305,22.104,0
20.633,20.897,0
21.884,19.611,0
23.054,18.25,0
24.137,16.82,0
25.13,15.325,0
26.029,13.773,0
26.83,12.168,0
27.531,10.517,0
28.128,8.8261,0
28.62,7.1015,0
29.005,5.3499,0
29.281,3.5779,0
29.447,1.7924,0
29.502,2.7949e-08,0
29.447,-1.7924,0
35.143,-2.1446,0
34.944,-4.2811,0
34.614,-6.4012,0
34.154,-8.497,0
33.565,-10.56,0
32.85,-12.584,0
32.012,-14.559,0
31.053,-16.479,0
29.978,-18.336,0
28.79,-20.123,0
27.495,-21.834,0
26.096,-23.462,0
24.6,-25,0
23.011,-26.444,0
21.337,-27.787,0
19.583,-29.024,0
17.757,-30.152,0
15.864,-31.164,0
13.912,-32.059,0
11.91,-32.832,0
9.8632,-33.48,0
7.7807,-34.001,0
5.6701,-34.393,0
3.5395,-34.655,0
1.3968,-34.785,0
-0.74973,-34.784,0
-2.892,-34.65,0
-5.022,-34.386,0
-7.1315,-33.99,0
-9.2127,-33.466,0
-11.257,-32.816,0
-13.258,-32.041,0
-15.207,-31.144,0
-17.098,-30.129,0
-18.922,-29.001,0
-20.673,-27.762,0
-22.344,-26.418,0
-23.929,-24.974,0
-25.422,-23.435,0
-26.818,-21.808,0
-28.111,-20.098,0
-29.295,-18.312,0
-30.368,-16.456,0
-31.324,-14.538,0
-32.16,-12.565,0
-32.873,-10.545,0
-33.46,-8.4841,0
-33.918,-6.3914,0
-34.247,-4.2744,0
-34.445,-2.1413,0
-34.511,-3.4895e-08,0
-34.445,2.1413,0
-34.247,4.2744,0
-33.918,6.3914,0
-33.46,8.4841,0
-32.873,10.545,0
-32.16,12.565,0
-31.324,14.538,0
-30.368,16.456,0
-29.295,18.312,0
-28.111,20.098,0
-26.818,21.808,0
-25.422,23.435,0
-23.929,24.974,0
-22.344,26.418,0
-20.673,27.762,0
-18.922,29.001,0
-17.098,30.129,0
-15.207,31.144,0
-13.258,32.041,0
-11.257,32.816,0
-9.2127,33.466,0
-7.1315,33.99,0
-5.022,34.386,0
-2.892,34.65,0
-0.74973,34.784,0
1.3968,34.785,0
3.5395,34.655,0
5.6701,34.393,0
7.7807,34.001,0
9.8632,33.48,0
11.91,32.832,0
13.912,32.059,0
15.864,31.164,0
17.757,30.152,0
19.583,29.024,0
21.337,27.787,0
23.011,26.444,0
24.6,25,0
26.096,23.462,0
27.495,21.834,0
28.79,20.123,0
29.978,18.336,0
31.053,16.479,0
32.012,14.559,0
32.85,12.584,0
33.565,10.56,0
34.154,8.497,0
34.614,6.4012,0
34.944,4.2811,0
35.143,2.1446,0
35.209,3.355e-08,0
35.143,-2.1446,0
