TITLE = "vncfd python"
VARIABLES = "X", "Y"
ZONE T="1", I= 101, J= 41
0.000000 0.000000
0.100000 0.000000
0.200000 0.000000
0.300000 0.000000
0.400000 0.000000
0.500000 0.000000
0.600000 0.000000
0.700000 0.000000
0.800000 0.000000
0.900000 0.000000
1.000000 0.000000
1.100000 0.000000
1.200000 0.000000
1.300000 0.000000
1.400000 0.000000
1.500000 0.000000
1.600000 0.000000
1.700000 0.000000
1.800000 0.000000
1.900000 0.000000
2.000000 0.000000
2.100000 0.026795
2.200000 0.053590
2.300000 0.080385
2.400000 0.107180
2.500000 0.133975
2.600000 0.160770
2.700000 0.187564
2.800000 0.214359
2.900000 0.241154
3.000000 0.267949
3.100000 0.294744
3.200000 0.321539
3.300000 0.348334
3.400000 0.375129
3.500000 0.401924
3.600000 0.428719
3.700000 0.455514
3.800000 0.482309
3.900000 0.509103
4.000000 0.535898
4.100000 0.535898
4.200000 0.535898
4.300000 0.535898
4.400000 0.535898
4.500000 0.535898
4.600000 0.535898
4.700000 0.535898
4.800000 0.535898
4.900000 0.535898
5.000000 0.535898
5.100000 0.535898
5.200000 0.535898
5.300000 0.535898
5.400000 0.535898
5.500000 0.535898
5.600000 0.535898
5.700000 0.535898
5.800000 0.535898
5.900000 0.535898
6.000000 0.535898
6.100000 0.535898
6.200000 0.535898
6.300000 0.535898
6.400000 0.535898
6.500000 0.535898
6.600000 0.535898
6.700000 0.535898
6.800000 0.535898
6.900000 0.535898
7.000000 0.535898
7.100000 0.535898
7.200000 0.535898
7.300000 0.535898
7.400000 0.535898
7.500000 0.535898
7.600000 0.535898
7.700000 0.535898
7.800000 0.535898
7.900000 0.535898
8.000000 0.535898
8.100000 0.535898
8.200000 0.535898
8.300000 0.535898
8.400000 0.535898
8.500000 0.535898
8.600000 0.535898
8.700000 0.535898
8.800000 0.535898
8.900000 0.535898
9.000000 0.535898
9.100000 0.535898
9.200000 0.535898
9.300000 0.535898
9.400000 0.535898
9.500000 0.535898
9.600000 0.535898
9.700000 0.535898
9.800000 0.535898
9.900000 0.535898
10.000000 0.535898
0.000000 0.100000
0.100000 0.100000
0.200000 0.100000
0.300000 0.100000
0.400000 0.100000
0.500000 0.100000
0.600000 0.100000
0.700000 0.100000
0.800000 0.100000
0.900000 0.100000
1.000000 0.100000
1.100000 0.100000
1.200000 0.100000
1.300000 0.100000
1.400000 0.100000
1.500000 0.100000
1.600000 0.100000
1.700000 0.100000
1.800000 0.100000
1.900000 0.100000
2.000000 0.100000
2.100000 0.126125
2.200000 0.152250
2.300000 0.178375
2.400000 0.204500
2.500000 0.230625
2.600000 0.256750
2.700000 0.282875
2.800000 0.309000
2.900000 0.335125
3.000000 0.361250
3.100000 0.387376
3.200000 0.413501
3.300000 0.439626
3.400000 0.465751
3.500000 0.491876
3.600000 0.518001
3.700000 0.544126
3.800000 0.570251
3.900000 0.596376
4.000000 0.622501
4.100000 0.622501
4.200000 0.622501
4.300000 0.622501
4.400000 0.622501
4.500000 0.622501
4.600000 0.622501
4.700000 0.622501
4.800000 0.622501
4.900000 0.622501
5.000000 0.622501
5.100000 0.622501
5.200000 0.622501
5.300000 0.622501
5.400000 0.622501
5.500000 0.622501
5.600000 0.622501
5.700000 0.622501
5.800000 0.622501
5.900000 0.622501
6.000000 0.622501
6.100000 0.622501
6.200000 0.622501
6.300000 0.622501
6.400000 0.622501
6.500000 0.622501
6.600000 0.622501
6.700000 0.622501
6.800000 0.622501
6.900000 0.622501
7.000000 0.622501
7.100000 0.622501
7.200000 0.622501
7.300000 0.622501
7.400000 0.622501
7.500000 0.622501
7.600000 0.622501
7.700000 0.622501
7.800000 0.622501
7.900000 0.622501
8.000000 0.622501
8.100000 0.622501
8.200000 0.622501
8.300000 0.622501
8.400000 0.622501
8.500000 0.622501
8.600000 0.622501
8.700000 0.622501
8.800000 0.622501
8.900000 0.622501
9.000000 0.622501
9.100000 0.622501
9.200000 0.622501
9.300000 0.622501
9.400000 0.622501
9.500000 0.622501
9.600000 0.622501
9.700000 0.622501
9.800000 0.622501
9.900000 0.622501
10.000000 0.622501
0.000000 0.200000
0.100000 0.200000
0.200000 0.200000
0.300000 0.200000
0.400000 0.200000
0.500000 0.200000
0.600000 0.200000
0.700000 0.200000
0.800000 0.200000
0.900000 0.200000
1.000000 0.200000
1.100000 0.200000
1.200000 0.200000
1.300000 0.200000
1.400000 0.200000
1.500000 0.200000
1.600000 0.200000
1.700000 0.200000
1.800000 0.200000
1.900000 0.200000
2.000000 0.200000
2.100000 0.225455
2.200000 0.250910
2.300000 0.276366
2.400000 0.301821
2.500000 0.327276
2.600000 0.352731
2.700000 0.378186
2.800000 0.403641
2.900000 0.429097
3.000000 0.454552
3.100000 0.480007
3.200000 0.505462
3.300000 0.530917
3.400000 0.556372
3.500000 0.581828
3.600000 0.607283
3.700000 0.632738
3.800000 0.658193
3.900000 0.683648
4.000000 0.709103
4.100000 0.709103
4.200000 0.709103
4.300000 0.709103
4.400000 0.709103
4.500000 0.709103
4.600000 0.709103
4.700000 0.709103
4.800000 0.709103
4.900000 0.709103
5.000000 0.709103
5.100000 0.709103
5.200000 0.709103
5.300000 0.709103
5.400000 0.709103
5.500000 0.709103
5.600000 0.709103
5.700000 0.709103
5.800000 0.709103
5.900000 0.709103
6.000000 0.709103
6.100000 0.709103
6.200000 0.709103
6.300000 0.709103
6.400000 0.709103
6.500000 0.709103
6.600000 0.709103
6.700000 0.709103
6.800000 0.709103
6.900000 0.709103
7.000000 0.709103
7.100000 0.709103
7.200000 0.709103
7.300000 0.709103
7.400000 0.709103
7.500000 0.709103
7.600000 0.709103
7.700000 0.709103
7.800000 0.709103
7.900000 0.709103
8.000000 0.709103
8.100000 0.709103
8.200000 0.709103
8.300000 0.709103
8.400000 0.709103
8.500000 0.709103
8.600000 0.709103
8.700000 0.709103
8.800000 0.709103
8.900000 0.709103
9.000000 0.709103
9.100000 0.709103
9.200000 0.709103
9.300000 0.709103
9.400000 0.709103
9.500000 0.709103
9.600000 0.709103
9.700000 0.709103
9.800000 0.709103
9.900000 0.709103
10.000000 0.709103
0.000000 0.300000
0.100000 0.300000
0.200000 0.300000
0.300000 0.300000
0.400000 0.300000
0.500000 0.300000
0.600000 0.300000
0.700000 0.300000
0.800000 0.300000
0.900000 0.300000
1.000000 0.300000
1.100000 0.300000
1.200000 0.300000
1.300000 0.300000
1.400000 0.300000
1.500000 0.300000
1.600000 0.300000
1.700000 0.300000
1.800000 0.300000
1.900000 0.300000
2.000000 0.300000
2.100000 0.324785
2.200000 0.349571
2.300000 0.374356
2.400000 0.399141
2.500000 0.423927
2.600000 0.448712
2.700000 0.473497
2.800000 0.498282
2.900000 0.523068
3.000000 0.547853
3.100000 0.572638
3.200000 0.597424
3.300000 0.622209
3.400000 0.646994
3.500000 0.671780
3.600000 0.696565
3.700000 0.721350
3.800000 0.746135
3.900000 0.770921
4.000000 0.795706
4.100000 0.795706
4.200000 0.795706
4.300000 0.795706
4.400000 0.795706
4.500000 0.795706
4.600000 0.795706
4.700000 0.795706
4.800000 0.795706
4.900000 0.795706
5.000000 0.795706
5.100000 0.795706
5.200000 0.795706
5.300000 0.795706
5.400000 0.795706
5.500000 0.795706
5.600000 0.795706
5.700000 0.795706
5.800000 0.795706
5.900000 0.795706
6.000000 0.795706
6.100000 0.795706
6.200000 0.795706
6.300000 0.795706
6.400000 0.795706
6.500000 0.795706
6.600000 0.795706
6.700000 0.795706
6.800000 0.795706
6.900000 0.795706
7.000000 0.795706
7.100000 0.795706
7.200000 0.795706
7.300000 0.795706
7.400000 0.795706
7.500000 0.795706
7.600000 0.795706
7.700000 0.795706
7.800000 0.795706
7.900000 0.795706
8.000000 0.795706
8.100000 0.795706
8.200000 0.795706
8.300000 0.795706
8.400000 0.795706
8.500000 0.795706
8.600000 0.795706
8.700000 0.795706
8.800000 0.795706
8.900000 0.795706
9.000000 0.795706
9.100000 0.795706
9.200000 0.795706
9.300000 0.795706
9.400000 0.795706
9.500000 0.795706
9.600000 0.795706
9.700000 0.795706
9.800000 0.795706
9.900000 0.795706
10.000000 0.795706
0.000000 0.400000
0.100000 0.400000
0.200000 0.400000
0.300000 0.400000
0.400000 0.400000
0.500000 0.400000
0.600000 0.400000
0.700000 0.400000
0.800000 0.400000
0.900000 0.400000
1.000000 0.400000
1.100000 0.400000
1.200000 0.400000
1.300000 0.400000
1.400000 0.400000
1.500000 0.400000
1.600000 0.400000
1.700000 0.400000
1.800000 0.400000
1.900000 0.400000
2.000000 0.400000
2.100000 0.424115
2.200000 0.448231
2.300000 0.472346
2.400000 0.496462
2.500000 0.520577
2.600000 0.544693
2.700000 0.568808
2.800000 0.592923
2.900000 0.617039
3.000000 0.641154
3.100000 0.665270
3.200000 0.689385
3.300000 0.713501
3.400000 0.737616
3.500000 0.761731
3.600000 0.785847
3.700000 0.809962
3.800000 0.834078
3.900000 0.858193
4.000000 0.882309
4.100000 0.882309
4.200000 0.882309
4.300000 0.882309
4.400000 0.882309
4.500000 0.882309
4.600000 0.882309
4.700000 0.882309
4.800000 0.882309
4.900000 0.882309
5.000000 0.882309
5.100000 0.882309
5.200000 0.882309
5.300000 0.882309
5.400000 0.882309
5.500000 0.882309
5.600000 0.882309
5.700000 0.882309
5.800000 0.882309
5.900000 0.882309
6.000000 0.882309
6.100000 0.882309
6.200000 0.882309
6.300000 0.882309
6.400000 0.882309
6.500000 0.882309
6.600000 0.882309
6.700000 0.882309
6.800000 0.882309
6.900000 0.882309
7.000000 0.882309
7.100000 0.882309
7.200000 0.882309
7.300000 0.882309
7.400000 0.882309
7.500000 0.882309
7.600000 0.882309
7.700000 0.882309
7.800000 0.882309
7.900000 0.882309
8.000000 0.882309
8.100000 0.882309
8.200000 0.882309
8.300000 0.882309
8.400000 0.882309
8.500000 0.882309
8.600000 0.882309
8.700000 0.882309
8.800000 0.882309
8.900000 0.882309
9.000000 0.882309
9.100000 0.882309
9.200000 0.882309
9.300000 0.882309
9.400000 0.882309
9.500000 0.882309
9.600000 0.882309
9.700000 0.882309
9.800000 0.882309
9.900000 0.882309
10.000000 0.882309
0.000000 0.500000
0.100000 0.500000
0.200000 0.500000
0.300000 0.500000
0.400000 0.500000
0.500000 0.500000
0.600000 0.500000
0.700000 0.500000
0.800000 0.500000
0.900000 0.500000
1.000000 0.500000
1.100000 0.500000
1.200000 0.500000
1.300000 0.500000
1.400000 0.500000
1.500000 0.500000
1.600000 0.500000
1.700000 0.500000
1.800000 0.500000
1.900000 0.500000
2.000000 0.500000
2.100000 0.523446
2.200000 0.546891
2.300000 0.570337
2.400000 0.593782
2.500000 0.617228
2.600000 0.640673
2.700000 0.664119
2.800000 0.687564
2.900000 0.711010
3.000000 0.734456
3.100000 0.757901
3.200000 0.781347
3.300000 0.804792
3.400000 0.828238
3.500000 0.851683
3.600000 0.875129
3.700000 0.898574
3.800000 0.922020
3.900000 0.945466
4.000000 0.968911
4.100000 0.968911
4.200000 0.968911
4.300000 0.968911
4.400000 0.968911
4.500000 0.968911
4.600000 0.968911
4.700000 0.968911
4.800000 0.968911
4.900000 0.968911
5.000000 0.968911
5.100000 0.968911
5.200000 0.968911
5.300000 0.968911
5.400000 0.968911
5.500000 0.968911
5.600000 0.968911
5.700000 0.968911
5.800000 0.968911
5.900000 0.968911
6.000000 0.968911
6.100000 0.968911
6.200000 0.968911
6.300000 0.968911
6.400000 0.968911
6.500000 0.968911
6.600000 0.968911
6.700000 0.968911
6.800000 0.968911
6.900000 0.968911
7.000000 0.968911
7.100000 0.968911
7.200000 0.968911
7.300000 0.968911
7.400000 0.968911
7.500000 0.968911
7.600000 0.968911
7.700000 0.968911
7.800000 0.968911
7.900000 0.968911
8.000000 0.968911
8.100000 0.968911
8.200000 0.968911
8.300000 0.968911
8.400000 0.968911
8.500000 0.968911
8.600000 0.968911
8.700000 0.968911
8.800000 0.968911
8.900000 0.968911
9.000000 0.968911
9.100000 0.968911
9.200000 0.968911
9.300000 0.968911
9.400000 0.968911
9.500000 0.968911
9.600000 0.968911
9.700000 0.968911
9.800000 0.968911
9.900000 0.968911
10.000000 0.968911
0.000000 0.600000
0.100000 0.600000
0.200000 0.600000
0.300000 0.600000
0.400000 0.600000
0.500000 0.600000
0.600000 0.600000
0.700000 0.600000
0.800000 0.600000
0.900000 0.600000
1.000000 0.600000
1.100000 0.600000
1.200000 0.600000
1.300000 0.600000
1.400000 0.600000
1.500000 0.600000
1.600000 0.600000
1.700000 0.600000
1.800000 0.600000
1.900000 0.600000
2.000000 0.600000
2.100000 0.622776
2.200000 0.645551
2.300000 0.668327
2.400000 0.691103
2.500000 0.713878
2.600000 0.736654
2.700000 0.759430
2.800000 0.782205
2.900000 0.804981
3.000000 0.827757
3.100000 0.850532
3.200000 0.873308
3.300000 0.896084
3.400000 0.918860
3.500000 0.941635
3.600000 0.964411
3.700000 0.987187
3.800000 1.009962
3.900000 1.032738
4.000000 1.055514
4.100000 1.055514
4.200000 1.055514
4.300000 1.055514
4.400000 1.055514
4.500000 1.055514
4.600000 1.055514
4.700000 1.055514
4.800000 1.055514
4.900000 1.055514
5.000000 1.055514
5.100000 1.055514
5.200000 1.055514
5.300000 1.055514
5.400000 1.055514
5.500000 1.055514
5.600000 1.055514
5.700000 1.055514
5.800000 1.055514
5.900000 1.055514
6.000000 1.055514
6.100000 1.055514
6.200000 1.055514
6.300000 1.055514
6.400000 1.055514
6.500000 1.055514
6.600000 1.055514
6.700000 1.055514
6.800000 1.055514
6.900000 1.055514
7.000000 1.055514
7.100000 1.055514
7.200000 1.055514
7.300000 1.055514
7.400000 1.055514
7.500000 1.055514
7.600000 1.055514
7.700000 1.055514
7.800000 1.055514
7.900000 1.055514
8.000000 1.055514
8.100000 1.055514
8.200000 1.055514
8.300000 1.055514
8.400000 1.055514
8.500000 1.055514
8.600000 1.055514
8.700000 1.055514
8.800000 1.055514
8.900000 1.055514
9.000000 1.055514
9.100000 1.055514
9.200000 1.055514
9.300000 1.055514
9.400000 1.055514
9.500000 1.055514
9.600000 1.055514
9.700000 1.055514
9.800000 1.055514
9.900000 1.055514
10.000000 1.055514
0.000000 0.700000
0.100000 0.700000
0.200000 0.700000
0.300000 0.700000
0.400000 0.700000
0.500000 0.700000
0.600000 0.700000
0.700000 0.700000
0.800000 0.700000
0.900000 0.700000
1.000000 0.700000
1.100000 0.700000
1.200000 0.700000
1.300000 0.700000
1.400000 0.700000
1.500000 0.700000
1.600000 0.700000
1.700000 0.700000
1.800000 0.700000
1.900000 0.700000
2.000000 0.700000
2.100000 0.722106
2.200000 0.744212
2.300000 0.766317
2.400000 0.788423
2.500000 0.810529
2.600000 0.832635
2.700000 0.854741
2.800000 0.876846
2.900000 0.898952
3.000000 0.921058
3.100000 0.943164
3.200000 0.965270
3.300000 0.987376
3.400000 1.009481
3.500000 1.031587
3.600000 1.053693
3.700000 1.075799
3.800000 1.097905
3.900000 1.120010
4.000000 1.142116
4.100000 1.142116
4.200000 1.142116
4.300000 1.142116
4.400000 1.142116
4.500000 1.142116
4.600000 1.142116
4.700000 1.142116
4.800000 1.142116
4.900000 1.142116
5.000000 1.142116
5.100000 1.142116
5.200000 1.142116
5.300000 1.142116
5.400000 1.142116
5.500000 1.142116
5.600000 1.142116
5.700000 1.142116
5.800000 1.142116
5.900000 1.142116
6.000000 1.142116
6.100000 1.142116
6.200000 1.142116
6.300000 1.142116
6.400000 1.142116
6.500000 1.142116
6.600000 1.142116
6.700000 1.142116
6.800000 1.142116
6.900000 1.142116
7.000000 1.142116
7.100000 1.142116
7.200000 1.142116
7.300000 1.142116
7.400000 1.142116
7.500000 1.142116
7.600000 1.142116
7.700000 1.142116
7.800000 1.142116
7.900000 1.142116
8.000000 1.142116
8.100000 1.142116
8.200000 1.142116
8.300000 1.142116
8.400000 1.142116
8.500000 1.142116
8.600000 1.142116
8.700000 1.142116
8.800000 1.142116
8.900000 1.142116
9.000000 1.142116
9.100000 1.142116
9.200000 1.142116
9.300000 1.142116
9.400000 1.142116
9.500000 1.142116
9.600000 1.142116
9.700000 1.142116
9.800000 1.142116
9.900000 1.142116
10.000000 1.142116
0.000000 0.800000
0.100000 0.800000
0.200000 0.800000
0.300000 0.800000
0.400000 0.800000
0.500000 0.800000
0.600000 0.800000
0.700000 0.800000
0.800000 0.800000
0.900000 0.800000
1.000000 0.800000
1.100000 0.800000
1.200000 0.800000
1.300000 0.800000
1.400000 0.800000
1.500000 0.800000
1.600000 0.800000
1.700000 0.800000
1.800000 0.800000
1.900000 0.800000
2.000000 0.800000
2.100000 0.821436
2.200000 0.842872
2.300000 0.864308
2.400000 0.885744
2.500000 0.907180
2.600000 0.928616
2.700000 0.950052
2.800000 0.971487
2.900000 0.992923
3.000000 1.014359
3.100000 1.035795
3.200000 1.057231
3.300000 1.078667
3.400000 1.100103
3.500000 1.121539
3.600000 1.142975
3.700000 1.164411
3.800000 1.185847
3.900000 1.207283
4.000000 1.228719
4.100000 1.228719
4.200000 1.228719
4.300000 1.228719
4.400000 1.228719
4.500000 1.228719
4.600000 1.228719
4.700000 1.228719
4.800000 1.228719
4.900000 1.228719
5.000000 1.228719
5.100000 1.228719
5.200000 1.228719
5.300000 1.228719
5.400000 1.228719
5.500000 1.228719
5.600000 1.228719
5.700000 1.228719
5.800000 1.228719
5.900000 1.228719
6.000000 1.228719
6.100000 1.228719
6.200000 1.228719
6.300000 1.228719
6.400000 1.228719
6.500000 1.228719
6.600000 1.228719
6.700000 1.228719
6.800000 1.228719
6.900000 1.228719
7.000000 1.228719
7.100000 1.228719
7.200000 1.228719
7.300000 1.228719
7.400000 1.228719
7.500000 1.228719
7.600000 1.228719
7.700000 1.228719
7.800000 1.228719
7.900000 1.228719
8.000000 1.228719
8.100000 1.228719
8.200000 1.228719
8.300000 1.228719
8.400000 1.228719
8.500000 1.228719
8.600000 1.228719
8.700000 1.228719
8.800000 1.228719
8.900000 1.228719
9.000000 1.228719
9.100000 1.228719
9.200000 1.228719
9.300000 1.228719
9.400000 1.228719
9.500000 1.228719
9.600000 1.228719
9.700000 1.228719
9.800000 1.228719
9.900000 1.228719
10.000000 1.228719
0.000000 0.900000
0.100000 0.900000
0.200000 0.900000
0.300000 0.900000
0.400000 0.900000
0.500000 0.900000
0.600000 0.900000
0.700000 0.900000
0.800000 0.900000
0.900000 0.900000
1.000000 0.900000
1.100000 0.900000
1.200000 0.900000
1.300000 0.900000
1.400000 0.900000
1.500000 0.900000
1.600000 0.900000
1.700000 0.900000
1.800000 0.900000
1.900000 0.900000
2.000000 0.900000
2.100000 0.920766
2.200000 0.941532
2.300000 0.962298
2.400000 0.983064
2.500000 1.003830
2.600000 1.024596
2.700000 1.045362
2.800000 1.066128
2.900000 1.086895
3.000000 1.107661
3.100000 1.128427
3.200000 1.149193
3.300000 1.169959
3.400000 1.190725
3.500000 1.211491
3.600000 1.232257
3.700000 1.253023
3.800000 1.273789
3.900000 1.294555
4.000000 1.315321
4.100000 1.315321
4.200000 1.315321
4.300000 1.315321
4.400000 1.315321
4.500000 1.315321
4.600000 1.315321
4.700000 1.315321
4.800000 1.315321
4.900000 1.315321
5.000000 1.315321
5.100000 1.315321
5.200000 1.315321
5.300000 1.315321
5.400000 1.315321
5.500000 1.315321
5.600000 1.315321
5.700000 1.315321
5.800000 1.315321
5.900000 1.315321
6.000000 1.315321
6.100000 1.315321
6.200000 1.315321
6.300000 1.315321
6.400000 1.315321
6.500000 1.315321
6.600000 1.315321
6.700000 1.315321
6.800000 1.315321
6.900000 1.315321
7.000000 1.315321
7.100000 1.315321
7.200000 1.315321
7.300000 1.315321
7.400000 1.315321
7.500000 1.315321
7.600000 1.315321
7.700000 1.315321
7.800000 1.315321
7.900000 1.315321
8.000000 1.315321
8.100000 1.315321
8.200000 1.315321
8.300000 1.315321
8.400000 1.315321
8.500000 1.315321
8.600000 1.315321
8.700000 1.315321
8.800000 1.315321
8.900000 1.315321
9.000000 1.315321
9.100000 1.315321
9.200000 1.315321
9.300000 1.315321
9.400000 1.315321
9.500000 1.315321
9.600000 1.315321
9.700000 1.315321
9.800000 1.315321
9.900000 1.315321
10.000000 1.315321
0.000000 1.000000
0.100000 1.000000
0.200000 1.000000
0.300000 1.000000
0.400000 1.000000
0.500000 1.000000
0.600000 1.000000
0.700000 1.000000
0.800000 1.000000
0.900000 1.000000
1.000000 1.000000
1.100000 1.000000
1.200000 1.000000
1.300000 1.000000
1.400000 1.000000
1.500000 1.000000
1.600000 1.000000
1.700000 1.000000
1.800000 1.000000
1.900000 1.000000
2.000000 1.000000
2.100000 1.020096
2.200000 1.040192
2.300000 1.060289
2.400000 1.080385
2.500000 1.100481
2.600000 1.120577
2.700000 1.140673
2.800000 1.160770
2.900000 1.180866
3.000000 1.200962
3.100000 1.221058
3.200000 1.241154
3.300000 1.261250
3.400000 1.281347
3.500000 1.301443
3.600000 1.321539
3.700000 1.341635
3.800000 1.361731
3.900000 1.381828
4.000000 1.401924
4.100000 1.401924
4.200000 1.401924
4.300000 1.401924
4.400000 1.401924
4.500000 1.401924
4.600000 1.401924
4.700000 1.401924
4.800000 1.401924
4.900000 1.401924
5.000000 1.401924
5.100000 1.401924
5.200000 1.401924
5.300000 1.401924
5.400000 1.401924
5.500000 1.401924
5.600000 1.401924
5.700000 1.401924
5.800000 1.401924
5.900000 1.401924
6.000000 1.401924
6.100000 1.401924
6.200000 1.401924
6.300000 1.401924
6.400000 1.401924
6.500000 1.401924
6.600000 1.401924
6.700000 1.401924
6.800000 1.401924
6.900000 1.401924
7.000000 1.401924
7.100000 1.401924
7.200000 1.401924
7.300000 1.401924
7.400000 1.401924
7.500000 1.401924
7.600000 1.401924
7.700000 1.401924
7.800000 1.401924
7.900000 1.401924
8.000000 1.401924
8.100000 1.401924
8.200000 1.401924
8.300000 1.401924
8.400000 1.401924
8.500000 1.401924
8.600000 1.401924
8.700000 1.401924
8.800000 1.401924
8.900000 1.401924
9.000000 1.401924
9.100000 1.401924
9.200000 1.401924
9.300000 1.401924
9.400000 1.401924
9.500000 1.401924
9.600000 1.401924
9.700000 1.401924
9.800000 1.401924
9.900000 1.401924
10.000000 1.401924
0.000000 1.100000
0.100000 1.100000
0.200000 1.100000
0.300000 1.100000
0.400000 1.100000
0.500000 1.100000
0.600000 1.100000
0.700000 1.100000
0.800000 1.100000
0.900000 1.100000
1.000000 1.100000
1.100000 1.100000
1.200000 1.100000
1.300000 1.100000
1.400000 1.100000
1.500000 1.100000
1.600000 1.100000
1.700000 1.100000
1.800000 1.100000
1.900000 1.100000
2.000000 1.100000
2.100000 1.119426
2.200000 1.138853
2.300000 1.158279
2.400000 1.177705
2.500000 1.197132
2.600000 1.216558
2.700000 1.235984
2.800000 1.255411
2.900000 1.274837
3.000000 1.294263
3.100000 1.313689
3.200000 1.333116
3.300000 1.352542
3.400000 1.371968
3.500000 1.391395
3.600000 1.410821
3.700000 1.430247
3.800000 1.449674
3.900000 1.469100
4.000000 1.488526
4.100000 1.488526
4.200000 1.488526
4.300000 1.488526
4.400000 1.488526
4.500000 1.488526
4.600000 1.488526
4.700000 1.488526
4.800000 1.488526
4.900000 1.488526
5.000000 1.488526
5.100000 1.488526
5.200000 1.488526
5.300000 1.488526
5.400000 1.488526
5.500000 1.488526
5.600000 1.488526
5.700000 1.488526
5.800000 1.488526
5.900000 1.488526
6.000000 1.488526
6.100000 1.488526
6.200000 1.488526
6.300000 1.488526
6.400000 1.488526
6.500000 1.488526
6.600000 1.488526
6.700000 1.488526
6.800000 1.488526
6.900000 1.488526
7.000000 1.488526
7.100000 1.488526
7.200000 1.488526
7.300000 1.488526
7.400000 1.488526
7.500000 1.488526
7.600000 1.488526
7.700000 1.488526
7.800000 1.488526
7.900000 1.488526
8.000000 1.488526
8.100000 1.488526
8.200000 1.488526
8.300000 1.488526
8.400000 1.488526
8.500000 1.488526
8.600000 1.488526
8.700000 1.488526
8.800000 1.488526
8.900000 1.488526
9.000000 1.488526
9.100000 1.488526
9.200000 1.488526
9.300000 1.488526
9.400000 1.488526
9.500000 1.488526
9.600000 1.488526
9.700000 1.488526
9.800000 1.488526
9.900000 1.488526
10.000000 1.488526
0.000000 1.200000
0.100000 1.200000
0.200000 1.200000
0.300000 1.200000
0.400000 1.200000
0.500000 1.200000
0.600000 1.200000
0.700000 1.200000
0.800000 1.200000
0.900000 1.200000
1.000000 1.200000
1.100000 1.200000
1.200000 1.200000
1.300000 1.200000
1.400000 1.200000
1.500000 1.200000
1.600000 1.200000
1.700000 1.200000
1.800000 1.200000
1.900000 1.200000
2.000000 1.200000
2.100000 1.218756
2.200000 1.237513
2.300000 1.256269
2.400000 1.275026
2.500000 1.293782
2.600000 1.312539
2.700000 1.331295
2.800000 1.350052
2.900000 1.368808
3.000000 1.387564
3.100000 1.406321
3.200000 1.425077
3.300000 1.443834
3.400000 1.462590
3.500000 1.481347
3.600000 1.500103
3.700000 1.518860
3.800000 1.537616
3.900000 1.556372
4.000000 1.575129
4.100000 1.575129
4.200000 1.575129
4.300000 1.575129
4.400000 1.575129
4.500000 1.575129
4.600000 1.575129
4.700000 1.575129
4.800000 1.575129
4.900000 1.575129
5.000000 1.575129
5.100000 1.575129
5.200000 1.575129
5.300000 1.575129
5.400000 1.575129
5.500000 1.575129
5.600000 1.575129
5.700000 1.575129
5.800000 1.575129
5.900000 1.575129
6.000000 1.575129
6.100000 1.575129
6.200000 1.575129
6.300000 1.575129
6.400000 1.575129
6.500000 1.575129
6.600000 1.575129
6.700000 1.575129
6.800000 1.575129
6.900000 1.575129
7.000000 1.575129
7.100000 1.575129
7.200000 1.575129
7.300000 1.575129
7.400000 1.575129
7.500000 1.575129
7.600000 1.575129
7.700000 1.575129
7.800000 1.575129
7.900000 1.575129
8.000000 1.575129
8.100000 1.575129
8.200000 1.575129
8.300000 1.575129
8.400000 1.575129
8.500000 1.575129
8.600000 1.575129
8.700000 1.575129
8.800000 1.575129
8.900000 1.575129
9.000000 1.575129
9.100000 1.575129
9.200000 1.575129
9.300000 1.575129
9.400000 1.575129
9.500000 1.575129
9.600000 1.575129
9.700000 1.575129
9.800000 1.575129
9.900000 1.575129
10.000000 1.575129
0.000000 1.300000
0.100000 1.300000
0.200000 1.300000
0.300000 1.300000
0.400000 1.300000
0.500000 1.300000
0.600000 1.300000
0.700000 1.300000
0.800000 1.300000
0.900000 1.300000
1.000000 1.300000
1.100000 1.300000
1.200000 1.300000
1.300000 1.300000
1.400000 1.300000
1.500000 1.300000
1.600000 1.300000
1.700000 1.300000
1.800000 1.300000
1.900000 1.300000
2.000000 1.300000
2.100000 1.318087
2.200000 1.336173
2.300000 1.354260
2.400000 1.372346
2.500000 1.390433
2.600000 1.408519
2.700000 1.426606
2.800000 1.444693
2.900000 1.462779
3.000000 1.480866
3.100000 1.498952
3.200000 1.517039
3.300000 1.535125
3.400000 1.553212
3.500000 1.571299
3.600000 1.589385
3.700000 1.607472
3.800000 1.625558
3.900000 1.643645
4.000000 1.661731
4.100000 1.661731
4.200000 1.661731
4.300000 1.661731
4.400000 1.661731
4.500000 1.661731
4.600000 1.661731
4.700000 1.661731
4.800000 1.661731
4.900000 1.661731
5.000000 1.661731
5.100000 1.661731
5.200000 1.661731
5.300000 1.661731
5.400000 1.661731
5.500000 1.661731
5.600000 1.661731
5.700000 1.661731
5.800000 1.661731
5.900000 1.661731
6.000000 1.661731
6.100000 1.661731
6.200000 1.661731
6.300000 1.661731
6.400000 1.661731
6.500000 1.661731
6.600000 1.661731
6.700000 1.661731
6.800000 1.661731
6.900000 1.661731
7.000000 1.661731
7.100000 1.661731
7.200000 1.661731
7.300000 1.661731
7.400000 1.661731
7.500000 1.661731
7.600000 1.661731
7.700000 1.661731
7.800000 1.661731
7.900000 1.661731
8.000000 1.661731
8.100000 1.661731
8.200000 1.661731
8.300000 1.661731
8.400000 1.661731
8.500000 1.661731
8.600000 1.661731
8.700000 1.661731
8.800000 1.661731
8.900000 1.661731
9.000000 1.661731
9.100000 1.661731
9.200000 1.661731
9.300000 1.661731
9.400000 1.661731
9.500000 1.661731
9.600000 1.661731
9.700000 1.661731
9.800000 1.661731
9.900000 1.661731
10.000000 1.661731
0.000000 1.400000
0.100000 1.400000
0.200000 1.400000
0.300000 1.400000
0.400000 1.400000
0.500000 1.400000
0.600000 1.400000
0.700000 1.400000
0.800000 1.400000
0.900000 1.400000
1.000000 1.400000
1.100000 1.400000
1.200000 1.400000
1.300000 1.400000
1.400000 1.400000
1.500000 1.400000
1.600000 1.400000
1.700000 1.400000
1.800000 1.400000
1.900000 1.400000
2.000000 1.400000
2.100000 1.417417
2.200000 1.434833
2.300000 1.452250
2.400000 1.469667
2.500000 1.487083
2.600000 1.504500
2.700000 1.521917
2.800000 1.539334
2.900000 1.556750
3.000000 1.574167
3.100000 1.591584
3.200000 1.609000
3.300000 1.626417
3.400000 1.643834
3.500000 1.661250
3.600000 1.678667
3.700000 1.696084
3.800000 1.713501
3.900000 1.730917
4.000000 1.748334
4.100000 1.748334
4.200000 1.748334
4.300000 1.748334
4.400000 1.748334
4.500000 1.748334
4.600000 1.748334
4.700000 1.748334
4.800000 1.748334
4.900000 1.748334
5.000000 1.748334
5.100000 1.748334
5.200000 1.748334
5.300000 1.748334
5.400000 1.748334
5.500000 1.748334
5.600000 1.748334
5.700000 1.748334
5.800000 1.748334
5.900000 1.748334
6.000000 1.748334
6.100000 1.748334
6.200000 1.748334
6.300000 1.748334
6.400000 1.748334
6.500000 1.748334
6.600000 1.748334
6.700000 1.748334
6.800000 1.748334
6.900000 1.748334
7.000000 1.748334
7.100000 1.748334
7.200000 1.748334
7.300000 1.748334
7.400000 1.748334
7.500000 1.748334
7.600000 1.748334
7.700000 1.748334
7.800000 1.748334
7.900000 1.748334
8.000000 1.748334
8.100000 1.748334
8.200000 1.748334
8.300000 1.748334
8.400000 1.748334
8.500000 1.748334
8.600000 1.748334
8.700000 1.748334
8.800000 1.748334
8.900000 1.748334
9.000000 1.748334
9.100000 1.748334
9.200000 1.748334
9.300000 1.748334
9.400000 1.748334
9.500000 1.748334
9.600000 1.748334
9.700000 1.748334
9.800000 1.748334
9.900000 1.748334
10.000000 1.748334
0.000000 1.500000
0.100000 1.500000
0.200000 1.500000
0.300000 1.500000
0.400000 1.500000
0.500000 1.500000
0.600000 1.500000
0.700000 1.500000
0.800000 1.500000
0.900000 1.500000
1.000000 1.500000
1.100000 1.500000
1.200000 1.500000
1.300000 1.500000
1.400000 1.500000
1.500000 1.500000
1.600000 1.500000
1.700000 1.500000
1.800000 1.500000
1.900000 1.500000
2.000000 1.500000
2.100000 1.516747
2.200000 1.533494
2.300000 1.550240
2.400000 1.566987
2.500000 1.583734
2.600000 1.600481
2.700000 1.617228
2.800000 1.633975
2.900000 1.650721
3.000000 1.667468
3.100000 1.684215
3.200000 1.700962
3.300000 1.717709
3.400000 1.734456
3.500000 1.751202
3.600000 1.767949
3.700000 1.784696
3.800000 1.801443
3.900000 1.818190
4.000000 1.834936
4.100000 1.834936
4.200000 1.834936
4.300000 1.834936
4.400000 1.834936
4.500000 1.834936
4.600000 1.834936
4.700000 1.834936
4.800000 1.834936
4.900000 1.834936
5.000000 1.834936
5.100000 1.834936
5.200000 1.834936
5.300000 1.834936
5.400000 1.834936
5.500000 1.834936
5.600000 1.834936
5.700000 1.834936
5.800000 1.834936
5.900000 1.834936
6.000000 1.834936
6.100000 1.834936
6.200000 1.834936
6.300000 1.834936
6.400000 1.834936
6.500000 1.834936
6.600000 1.834936
6.700000 1.834936
6.800000 1.834936
6.900000 1.834936
7.000000 1.834936
7.100000 1.834936
7.200000 1.834936
7.300000 1.834936
7.400000 1.834936
7.500000 1.834936
7.600000 1.834936
7.700000 1.834936
7.800000 1.834936
7.900000 1.834936
8.000000 1.834936
8.100000 1.834936
8.200000 1.834936
8.300000 1.834936
8.400000 1.834936
8.500000 1.834936
8.600000 1.834936
8.700000 1.834936
8.800000 1.834936
8.900000 1.834936
9.000000 1.834936
9.100000 1.834936
9.200000 1.834936
9.300000 1.834936
9.400000 1.834936
9.500000 1.834936
9.600000 1.834936
9.700000 1.834936
9.800000 1.834936
9.900000 1.834936
10.000000 1.834936
0.000000 1.600000
0.100000 1.600000
0.200000 1.600000
0.300000 1.600000
0.400000 1.600000
0.500000 1.600000
0.600000 1.600000
0.700000 1.600000
0.800000 1.600000
0.900000 1.600000
1.000000 1.600000
1.100000 1.600000
1.200000 1.600000
1.300000 1.600000
1.400000 1.600000
1.500000 1.600000
1.600000 1.600000
1.700000 1.600000
1.800000 1.600000
1.900000 1.600000
2.000000 1.600000
2.100000 1.616077
2.200000 1.632154
2.300000 1.648231
2.400000 1.664308
2.500000 1.680385
2.600000 1.696462
2.700000 1.712539
2.800000 1.728616
2.900000 1.744693
3.000000 1.760770
3.100000 1.776846
3.200000 1.792923
3.300000 1.809000
3.400000 1.825077
3.500000 1.841154
3.600000 1.857231
3.700000 1.873308
3.800000 1.889385
3.900000 1.905462
4.000000 1.921539
4.100000 1.921539
4.200000 1.921539
4.300000 1.921539
4.400000 1.921539
4.500000 1.921539
4.600000 1.921539
4.700000 1.921539
4.800000 1.921539
4.900000 1.921539
5.000000 1.921539
5.100000 1.921539
5.200000 1.921539
5.300000 1.921539
5.400000 1.921539
5.500000 1.921539
5.600000 1.921539
5.700000 1.921539
5.800000 1.921539
5.900000 1.921539
6.000000 1.921539
6.100000 1.921539
6.200000 1.921539
6.300000 1.921539
6.400000 1.921539
6.500000 1.921539
6.600000 1.921539
6.700000 1.921539
6.800000 1.921539
6.900000 1.921539
7.000000 1.921539
7.100000 1.921539
7.200000 1.921539
7.300000 1.921539
7.400000 1.921539
7.500000 1.921539
7.600000 1.921539
7.700000 1.921539
7.800000 1.921539
7.900000 1.921539
8.000000 1.921539
8.100000 1.921539
8.200000 1.921539
8.300000 1.921539
8.400000 1.921539
8.500000 1.921539
8.600000 1.921539
8.700000 1.921539
8.800000 1.921539
8.900000 1.921539
9.000000 1.921539
9.100000 1.921539
9.200000 1.921539
9.300000 1.921539
9.400000 1.921539
9.500000 1.921539
9.600000 1.921539
9.700000 1.921539
9.800000 1.921539
9.900000 1.921539
10.000000 1.921539
0.000000 1.700000
0.100000 1.700000
0.200000 1.700000
0.300000 1.700000
0.400000 1.700000
0.500000 1.700000
0.600000 1.700000
0.700000 1.700000
0.800000 1.700000
0.900000 1.700000
1.000000 1.700000
1.100000 1.700000
1.200000 1.700000
1.300000 1.700000
1.400000 1.700000
1.500000 1.700000
1.600000 1.700000
1.700000 1.700000
1.800000 1.700000
1.900000 1.700000
2.000000 1.700000
2.100000 1.715407
2.200000 1.730814
2.300000 1.746221
2.400000 1.761628
2.500000 1.777035
2.600000 1.792442
2.700000 1.807850
2.800000 1.823257
2.900000 1.838664
3.000000 1.854071
3.100000 1.869478
3.200000 1.884885
3.300000 1.900292
3.400000 1.915699
3.500000 1.931106
3.600000 1.946513
3.700000 1.961920
3.800000 1.977327
3.900000 1.992734
4.000000 2.008142
4.100000 2.008142
4.200000 2.008142
4.300000 2.008142
4.400000 2.008142
4.500000 2.008142
4.600000 2.008142
4.700000 2.008142
4.800000 2.008142
4.900000 2.008142
5.000000 2.008142
5.100000 2.008142
5.200000 2.008142
5.300000 2.008142
5.400000 2.008142
5.500000 2.008142
5.600000 2.008142
5.700000 2.008142
5.800000 2.008142
5.900000 2.008142
6.000000 2.008142
6.100000 2.008142
6.200000 2.008142
6.300000 2.008142
6.400000 2.008142
6.500000 2.008142
6.600000 2.008142
6.700000 2.008142
6.800000 2.008142
6.900000 2.008142
7.000000 2.008142
7.100000 2.008142
7.200000 2.008142
7.300000 2.008142
7.400000 2.008142
7.500000 2.008142
7.600000 2.008142
7.700000 2.008142
7.800000 2.008142
7.900000 2.008142
8.000000 2.008142
8.100000 2.008142
8.200000 2.008142
8.300000 2.008142
8.400000 2.008142
8.500000 2.008142
8.600000 2.008142
8.700000 2.008142
8.800000 2.008142
8.900000 2.008142
9.000000 2.008142
9.100000 2.008142
9.200000 2.008142
9.300000 2.008142
9.400000 2.008142
9.500000 2.008142
9.600000 2.008142
9.700000 2.008142
9.800000 2.008142
9.900000 2.008142
10.000000 2.008142
0.000000 1.800000
0.100000 1.800000
0.200000 1.800000
0.300000 1.800000
0.400000 1.800000
0.500000 1.800000
0.600000 1.800000
0.700000 1.800000
0.800000 1.800000
0.900000 1.800000
1.000000 1.800000
1.100000 1.800000
1.200000 1.800000
1.300000 1.800000
1.400000 1.800000
1.500000 1.800000
1.600000 1.800000
1.700000 1.800000
1.800000 1.800000
1.900000 1.800000
2.000000 1.800000
2.100000 1.814737
2.200000 1.829474
2.300000 1.844212
2.400000 1.858949
2.500000 1.873686
2.600000 1.888423
2.700000 1.903160
2.800000 1.917898
2.900000 1.932635
3.000000 1.947372
3.100000 1.962109
3.200000 1.976846
3.300000 1.991584
3.400000 2.006321
3.500000 2.021058
3.600000 2.035795
3.700000 2.050532
3.800000 2.065270
3.900000 2.080007
4.000000 2.094744
4.100000 2.094744
4.200000 2.094744
4.300000 2.094744
4.400000 2.094744
4.500000 2.094744
4.600000 2.094744
4.700000 2.094744
4.800000 2.094744
4.900000 2.094744
5.000000 2.094744
5.100000 2.094744
5.200000 2.094744
5.300000 2.094744
5.400000 2.094744
5.500000 2.094744
5.600000 2.094744
5.700000 2.094744
5.800000 2.094744
5.900000 2.094744
6.000000 2.094744
6.100000 2.094744
6.200000 2.094744
6.300000 2.094744
6.400000 2.094744
6.500000 2.094744
6.600000 2.094744
6.700000 2.094744
6.800000 2.094744
6.900000 2.094744
7.000000 2.094744
7.100000 2.094744
7.200000 2.094744
7.300000 2.094744
7.400000 2.094744
7.500000 2.094744
7.600000 2.094744
7.700000 2.094744
7.800000 2.094744
7.900000 2.094744
8.000000 2.094744
8.100000 2.094744
8.200000 2.094744
8.300000 2.094744
8.400000 2.094744
8.500000 2.094744
8.600000 2.094744
8.700000 2.094744
8.800000 2.094744
8.900000 2.094744
9.000000 2.094744
9.100000 2.094744
9.200000 2.094744
9.300000 2.094744
9.400000 2.094744
9.500000 2.094744
9.600000 2.094744
9.700000 2.094744
9.800000 2.094744
9.900000 2.094744
10.000000 2.094744
0.000000 1.900000
0.100000 1.900000
0.200000 1.900000
0.300000 1.900000
0.400000 1.900000
0.500000 1.900000
0.600000 1.900000
0.700000 1.900000
0.800000 1.900000
0.900000 1.900000
1.000000 1.900000
1.100000 1.900000
1.200000 1.900000
1.300000 1.900000
1.400000 1.900000
1.500000 1.900000
1.600000 1.900000
1.700000 1.900000
1.800000 1.900000
1.900000 1.900000
2.000000 1.900000
2.100000 1.914067
2.200000 1.928135
2.300000 1.942202
2.400000 1.956269
2.500000 1.970337
2.600000 1.984404
2.700000 1.998471
2.800000 2.012539
2.900000 2.026606
3.000000 2.040673
3.100000 2.054741
3.200000 2.068808
3.300000 2.082875
3.400000 2.096943
3.500000 2.111010
3.600000 2.125077
3.700000 2.139145
3.800000 2.153212
3.900000 2.167279
4.000000 2.181347
4.100000 2.181347
4.200000 2.181347
4.300000 2.181347
4.400000 2.181347
4.500000 2.181347
4.600000 2.181347
4.700000 2.181347
4.800000 2.181347
4.900000 2.181347
5.000000 2.181347
5.100000 2.181347
5.200000 2.181347
5.300000 2.181347
5.400000 2.181347
5.500000 2.181347
5.600000 2.181347
5.700000 2.181347
5.800000 2.181347
5.900000 2.181347
6.000000 2.181347
6.100000 2.181347
6.200000 2.181347
6.300000 2.181347
6.400000 2.181347
6.500000 2.181347
6.600000 2.181347
6.700000 2.181347
6.800000 2.181347
6.900000 2.181347
7.000000 2.181347
7.100000 2.181347
7.200000 2.181347
7.300000 2.181347
7.400000 2.181347
7.500000 2.181347
7.600000 2.181347
7.700000 2.181347
7.800000 2.181347
7.900000 2.181347
8.000000 2.181347
8.100000 2.181347
8.200000 2.181347
8.300000 2.181347
8.400000 2.181347
8.500000 2.181347
8.600000 2.181347
8.700000 2.181347
8.800000 2.181347
8.900000 2.181347
9.000000 2.181347
9.100000 2.181347
9.200000 2.181347
9.300000 2.181347
9.400000 2.181347
9.500000 2.181347
9.600000 2.181347
9.700000 2.181347
9.800000 2.181347
9.900000 2.181347
10.000000 2.181347
0.000000 2.000000
0.100000 2.000000
0.200000 2.000000
0.300000 2.000000
0.400000 2.000000
0.500000 2.000000
0.600000 2.000000
0.700000 2.000000
0.800000 2.000000
0.900000 2.000000
1.000000 2.000000
1.100000 2.000000
1.200000 2.000000
1.300000 2.000000
1.400000 2.000000
1.500000 2.000000
1.600000 2.000000
1.700000 2.000000
1.800000 2.000000
1.900000 2.000000
2.000000 2.000000
2.100000 2.013397
2.200000 2.026795
2.300000 2.040192
2.400000 2.053590
2.500000 2.066987
2.600000 2.080385
2.700000 2.093782
2.800000 2.107180
2.900000 2.120577
3.000000 2.133975
3.100000 2.147372
3.200000 2.160770
3.300000 2.174167
3.400000 2.187564
3.500000 2.200962
3.600000 2.214359
3.700000 2.227757
3.800000 2.241154
3.900000 2.254552
4.000000 2.267949
4.100000 2.267949
4.200000 2.267949
4.300000 2.267949
4.400000 2.267949
4.500000 2.267949
4.600000 2.267949
4.700000 2.267949
4.800000 2.267949
4.900000 2.267949
5.000000 2.267949
5.100000 2.267949
5.200000 2.267949
5.300000 2.267949
5.400000 2.267949
5.500000 2.267949
5.600000 2.267949
5.700000 2.267949
5.800000 2.267949
5.900000 2.267949
6.000000 2.267949
6.100000 2.267949
6.200000 2.267949
6.300000 2.267949
6.400000 2.267949
6.500000 2.267949
6.600000 2.267949
6.700000 2.267949
6.800000 2.267949
6.900000 2.267949
7.000000 2.267949
7.100000 2.267949
7.200000 2.267949
7.300000 2.267949
7.400000 2.267949
7.500000 2.267949
7.600000 2.267949
7.700000 2.267949
7.800000 2.267949
7.900000 2.267949
8.000000 2.267949
8.100000 2.267949
8.200000 2.267949
8.300000 2.267949
8.400000 2.267949
8.500000 2.267949
8.600000 2.267949
8.700000 2.267949
8.800000 2.267949
8.900000 2.267949
9.000000 2.267949
9.100000 2.267949
9.200000 2.267949
9.300000 2.267949
9.400000 2.267949
9.500000 2.267949
9.600000 2.267949
9.700000 2.267949
9.800000 2.267949
9.900000 2.267949
10.000000 2.267949
0.000000 2.100000
0.100000 2.100000
0.200000 2.100000
0.300000 2.100000
0.400000 2.100000
0.500000 2.100000
0.600000 2.100000
0.700000 2.100000
0.800000 2.100000
0.900000 2.100000
1.000000 2.100000
1.100000 2.100000
1.200000 2.100000
1.300000 2.100000
1.400000 2.100000
1.500000 2.100000
1.600000 2.100000
1.700000 2.100000
1.800000 2.100000
1.900000 2.100000
2.000000 2.100000
2.100000 2.112728
2.200000 2.125455
2.300000 2.138183
2.400000 2.150910
2.500000 2.163638
2.600000 2.176366
2.700000 2.189093
2.800000 2.201821
2.900000 2.214548
3.000000 2.227276
3.100000 2.240003
3.200000 2.252731
3.300000 2.265459
3.400000 2.278186
3.500000 2.290914
3.600000 2.303641
3.700000 2.316369
3.800000 2.329097
3.900000 2.341824
4.000000 2.354552
4.100000 2.354552
4.200000 2.354552
4.300000 2.354552
4.400000 2.354552
4.500000 2.354552
4.600000 2.354552
4.700000 2.354552
4.800000 2.354552
4.900000 2.354552
5.000000 2.354552
5.100000 2.354552
5.200000 2.354552
5.300000 2.354552
5.400000 2.354552
5.500000 2.354552
5.600000 2.354552
5.700000 2.354552
5.800000 2.354552
5.900000 2.354552
6.000000 2.354552
6.100000 2.354552
6.200000 2.354552
6.300000 2.354552
6.400000 2.354552
6.500000 2.354552
6.600000 2.354552
6.700000 2.354552
6.800000 2.354552
6.900000 2.354552
7.000000 2.354552
7.100000 2.354552
7.200000 2.354552
7.300000 2.354552
7.400000 2.354552
7.500000 2.354552
7.600000 2.354552
7.700000 2.354552
7.800000 2.354552
7.900000 2.354552
8.000000 2.354552
8.100000 2.354552
8.200000 2.354552
8.300000 2.354552
8.400000 2.354552
8.500000 2.354552
8.600000 2.354552
8.700000 2.354552
8.800000 2.354552
8.900000 2.354552
9.000000 2.354552
9.100000 2.354552
9.200000 2.354552
9.300000 2.354552
9.400000 2.354552
9.500000 2.354552
9.600000 2.354552
9.700000 2.354552
9.800000 2.354552
9.900000 2.354552
10.000000 2.354552
0.000000 2.200000
0.100000 2.200000
0.200000 2.200000
0.300000 2.200000
0.400000 2.200000
0.500000 2.200000
0.600000 2.200000
0.700000 2.200000
0.800000 2.200000
0.900000 2.200000
1.000000 2.200000
1.100000 2.200000
1.200000 2.200000
1.300000 2.200000
1.400000 2.200000
1.500000 2.200000
1.600000 2.200000
1.700000 2.200000
1.800000 2.200000
1.900000 2.200000
2.000000 2.200000
2.100000 2.212058
2.200000 2.224115
2.300000 2.236173
2.400000 2.248231
2.500000 2.260289
2.600000 2.272346
2.700000 2.284404
2.800000 2.296462
2.900000 2.308519
3.000000 2.320577
3.100000 2.332635
3.200000 2.344693
3.300000 2.356750
3.400000 2.368808
3.500000 2.380866
3.600000 2.392923
3.700000 2.404981
3.800000 2.417039
3.900000 2.429097
4.000000 2.441154
4.100000 2.441154
4.200000 2.441154
4.300000 2.441154
4.400000 2.441154
4.500000 2.441154
4.600000 2.441154
4.700000 2.441154
4.800000 2.441154
4.900000 2.441154
5.000000 2.441154
5.100000 2.441154
5.200000 2.441154
5.300000 2.441154
5.400000 2.441154
5.500000 2.441154
5.600000 2.441154
5.700000 2.441154
5.800000 2.441154
5.900000 2.441154
6.000000 2.441154
6.100000 2.441154
6.200000 2.441154
6.300000 2.441154
6.400000 2.441154
6.500000 2.441154
6.600000 2.441154
6.700000 2.441154
6.800000 2.441154
6.900000 2.441154
7.000000 2.441154
7.100000 2.441154
7.200000 2.441154
7.300000 2.441154
7.400000 2.441154
7.500000 2.441154
7.600000 2.441154
7.700000 2.441154
7.800000 2.441154
7.900000 2.441154
8.000000 2.441154
8.100000 2.441154
8.200000 2.441154
8.300000 2.441154
8.400000 2.441154
8.500000 2.441154
8.600000 2.441154
8.700000 2.441154
8.800000 2.441154
8.900000 2.441154
9.000000 2.441154
9.100000 2.441154
9.200000 2.441154
9.300000 2.441154
9.400000 2.441154
9.500000 2.441154
9.600000 2.441154
9.700000 2.441154
9.800000 2.441154
9.900000 2.441154
10.000000 2.441154
0.000000 2.300000
0.100000 2.300000
0.200000 2.300000
0.300000 2.300000
0.400000 2.300000
0.500000 2.300000
0.600000 2.300000
0.700000 2.300000
0.800000 2.300000
0.900000 2.300000
1.000000 2.300000
1.100000 2.300000
1.200000 2.300000
1.300000 2.300000
1.400000 2.300000
1.500000 2.300000
1.600000 2.300000
1.700000 2.300000
1.800000 2.300000
1.900000 2.300000
2.000000 2.300000
2.100000 2.311388
2.200000 2.322776
2.300000 2.334164
2.400000 2.345551
2.500000 2.356939
2.600000 2.368327
2.700000 2.379715
2.800000 2.391103
2.900000 2.402491
3.000000 2.413878
3.100000 2.425266
3.200000 2.436654
3.300000 2.448042
3.400000 2.459430
3.500000 2.470818
3.600000 2.482205
3.700000 2.493593
3.800000 2.504981
3.900000 2.516369
4.000000 2.527757
4.100000 2.527757
4.200000 2.527757
4.300000 2.527757
4.400000 2.527757
4.500000 2.527757
4.600000 2.527757
4.700000 2.527757
4.800000 2.527757
4.900000 2.527757
5.000000 2.527757
5.100000 2.527757
5.200000 2.527757
5.300000 2.527757
5.400000 2.527757
5.500000 2.527757
5.600000 2.527757
5.700000 2.527757
5.800000 2.527757
5.900000 2.527757
6.000000 2.527757
6.100000 2.527757
6.200000 2.527757
6.300000 2.527757
6.400000 2.527757
6.500000 2.527757
6.600000 2.527757
6.700000 2.527757
6.800000 2.527757
6.900000 2.527757
7.000000 2.527757
7.100000 2.527757
7.200000 2.527757
7.300000 2.527757
7.400000 2.527757
7.500000 2.527757
7.600000 2.527757
7.700000 2.527757
7.800000 2.527757
7.900000 2.527757
8.000000 2.527757
8.100000 2.527757
8.200000 2.527757
8.300000 2.527757
8.400000 2.527757
8.500000 2.527757
8.600000 2.527757
8.700000 2.527757
8.800000 2.527757
8.900000 2.527757
9.000000 2.527757
9.100000 2.527757
9.200000 2.527757
9.300000 2.527757
9.400000 2.527757
9.500000 2.527757
9.600000 2.527757
9.700000 2.527757
9.800000 2.527757
9.900000 2.527757
10.000000 2.527757
0.000000 2.400000
0.100000 2.400000
0.200000 2.400000
0.300000 2.400000
0.400000 2.400000
0.500000 2.400000
0.600000 2.400000
0.700000 2.400000
0.800000 2.400000
0.900000 2.400000
1.000000 2.400000
1.100000 2.400000
1.200000 2.400000
1.300000 2.400000
1.400000 2.400000
1.500000 2.400000
1.600000 2.400000
1.700000 2.400000
1.800000 2.400000
1.900000 2.400000
2.000000 2.400000
2.100000 2.410718
2.200000 2.421436
2.300000 2.432154
2.400000 2.442872
2.500000 2.453590
2.600000 2.464308
2.700000 2.475026
2.800000 2.485744
2.900000 2.496462
3.000000 2.507180
3.100000 2.517898
3.200000 2.528616
3.300000 2.539334
3.400000 2.550052
3.500000 2.560770
3.600000 2.571487
3.700000 2.582205
3.800000 2.592923
3.900000 2.603641
4.000000 2.614359
4.100000 2.614359
4.200000 2.614359
4.300000 2.614359
4.400000 2.614359
4.500000 2.614359
4.600000 2.614359
4.700000 2.614359
4.800000 2.614359
4.900000 2.614359
5.000000 2.614359
5.100000 2.614359
5.200000 2.614359
5.300000 2.614359
5.400000 2.614359
5.500000 2.614359
5.600000 2.614359
5.700000 2.614359
5.800000 2.614359
5.900000 2.614359
6.000000 2.614359
6.100000 2.614359
6.200000 2.614359
6.300000 2.614359
6.400000 2.614359
6.500000 2.614359
6.600000 2.614359
6.700000 2.614359
6.800000 2.614359
6.900000 2.614359
7.000000 2.614359
7.100000 2.614359
7.200000 2.614359
7.300000 2.614359
7.400000 2.614359
7.500000 2.614359
7.600000 2.614359
7.700000 2.614359
7.800000 2.614359
7.900000 2.614359
8.000000 2.614359
8.100000 2.614359
8.200000 2.614359
8.300000 2.614359
8.400000 2.614359
8.500000 2.614359
8.600000 2.614359
8.700000 2.614359
8.800000 2.614359
8.900000 2.614359
9.000000 2.614359
9.100000 2.614359
9.200000 2.614359
9.300000 2.614359
9.400000 2.614359
9.500000 2.614359
9.600000 2.614359
9.700000 2.614359
9.800000 2.614359
9.900000 2.614359
10.000000 2.614359
0.000000 2.500000
0.100000 2.500000
0.200000 2.500000
0.300000 2.500000
0.400000 2.500000
0.500000 2.500000
0.600000 2.500000
0.700000 2.500000
0.800000 2.500000
0.900000 2.500000
1.000000 2.500000
1.100000 2.500000
1.200000 2.500000
1.300000 2.500000
1.400000 2.500000
1.500000 2.500000
1.600000 2.500000
1.700000 2.500000
1.800000 2.500000
1.900000 2.500000
2.000000 2.500000
2.100000 2.510048
2.200000 2.520096
2.300000 2.530144
2.400000 2.540192
2.500000 2.550240
2.600000 2.560289
2.700000 2.570337
2.800000 2.580385
2.900000 2.590433
3.000000 2.600481
3.100000 2.610529
3.200000 2.620577
3.300000 2.630625
3.400000 2.640673
3.500000 2.650721
3.600000 2.660770
3.700000 2.670818
3.800000 2.680866
3.900000 2.690914
4.000000 2.700962
4.100000 2.700962
4.200000 2.700962
4.300000 2.700962
4.400000 2.700962
4.500000 2.700962
4.600000 2.700962
4.700000 2.700962
4.800000 2.700962
4.900000 2.700962
5.000000 2.700962
5.100000 2.700962
5.200000 2.700962
5.300000 2.700962
5.400000 2.700962
5.500000 2.700962
5.600000 2.700962
5.700000 2.700962
5.800000 2.700962
5.900000 2.700962
6.000000 2.700962
6.100000 2.700962
6.200000 2.700962
6.300000 2.700962
6.400000 2.700962
6.500000 2.700962
6.600000 2.700962
6.700000 2.700962
6.800000 2.700962
6.900000 2.700962
7.000000 2.700962
7.100000 2.700962
7.200000 2.700962
7.300000 2.700962
7.400000 2.700962
7.500000 2.700962
7.600000 2.700962
7.700000 2.700962
7.800000 2.700962
7.900000 2.700962
8.000000 2.700962
8.100000 2.700962
8.200000 2.700962
8.300000 2.700962
8.400000 2.700962
8.500000 2.700962
8.600000 2.700962
8.700000 2.700962
8.800000 2.700962
8.900000 2.700962
9.000000 2.700962
9.100000 2.700962
9.200000 2.700962
9.300000 2.700962
9.400000 2.700962
9.500000 2.700962
9.600000 2.700962
9.700000 2.700962
9.800000 2.700962
9.900000 2.700962
10.000000 2.700962
0.000000 2.600000
0.100000 2.600000
0.200000 2.600000
0.300000 2.600000
0.400000 2.600000
0.500000 2.600000
0.600000 2.600000
0.700000 2.600000
0.800000 2.600000
0.900000 2.600000
1.000000 2.600000
1.100000 2.600000
1.200000 2.600000
1.300000 2.600000
1.400000 2.600000
1.500000 2.600000
1.600000 2.600000
1.700000 2.600000
1.800000 2.600000
1.900000 2.600000
2.000000 2.600000
2.100000 2.609378
2.200000 2.618756
2.300000 2.628135
2.400000 2.637513
2.500000 2.646891
2.600000 2.656269
2.700000 2.665648
2.800000 2.675026
2.900000 2.684404
3.000000 2.693782
3.100000 2.703160
3.200000 2.712539
3.300000 2.721917
3.400000 2.731295
3.500000 2.740673
3.600000 2.750052
3.700000 2.759430
3.800000 2.768808
3.900000 2.778186
4.000000 2.787564
4.100000 2.787564
4.200000 2.787564
4.300000 2.787564
4.400000 2.787564
4.500000 2.787564
4.600000 2.787564
4.700000 2.787564
4.800000 2.787564
4.900000 2.787564
5.000000 2.787564
5.100000 2.787564
5.200000 2.787564
5.300000 2.787564
5.400000 2.787564
5.500000 2.787564
5.600000 2.787564
5.700000 2.787564
5.800000 2.787564
5.900000 2.787564
6.000000 2.787564
6.100000 2.787564
6.200000 2.787564
6.300000 2.787564
6.400000 2.787564
6.500000 2.787564
6.600000 2.787564
6.700000 2.787564
6.800000 2.787564
6.900000 2.787564
7.000000 2.787564
7.100000 2.787564
7.200000 2.787564
7.300000 2.787564
7.400000 2.787564
7.500000 2.787564
7.600000 2.787564
7.700000 2.787564
7.800000 2.787564
7.900000 2.787564
8.000000 2.787564
8.100000 2.787564
8.200000 2.787564
8.300000 2.787564
8.400000 2.787564
8.500000 2.787564
8.600000 2.787564
8.700000 2.787564
8.800000 2.787564
8.900000 2.787564
9.000000 2.787564
9.100000 2.787564
9.200000 2.787564
9.300000 2.787564
9.400000 2.787564
9.500000 2.787564
9.600000 2.787564
9.700000 2.787564
9.800000 2.787564
9.900000 2.787564
10.000000 2.787564
0.000000 2.700000
0.100000 2.700000
0.200000 2.700000
0.300000 2.700000
0.400000 2.700000
0.500000 2.700000
0.600000 2.700000
0.700000 2.700000
0.800000 2.700000
0.900000 2.700000
1.000000 2.700000
1.100000 2.700000
1.200000 2.700000
1.300000 2.700000
1.400000 2.700000
1.500000 2.700000
1.600000 2.700000
1.700000 2.700000
1.800000 2.700000
1.900000 2.700000
2.000000 2.700000
2.100000 2.708708
2.200000 2.717417
2.300000 2.726125
2.400000 2.734833
2.500000 2.743542
2.600000 2.752250
2.700000 2.760958
2.800000 2.769667
2.900000 2.778375
3.000000 2.787083
3.100000 2.795792
3.200000 2.804500
3.300000 2.813209
3.400000 2.821917
3.500000 2.830625
3.600000 2.839334
3.700000 2.848042
3.800000 2.856750
3.900000 2.865459
4.000000 2.874167
4.100000 2.874167
4.200000 2.874167
4.300000 2.874167
4.400000 2.874167
4.500000 2.874167
4.600000 2.874167
4.700000 2.874167
4.800000 2.874167
4.900000 2.874167
5.000000 2.874167
5.100000 2.874167
5.200000 2.874167
5.300000 2.874167
5.400000 2.874167
5.500000 2.874167
5.600000 2.874167
5.700000 2.874167
5.800000 2.874167
5.900000 2.874167
6.000000 2.874167
6.100000 2.874167
6.200000 2.874167
6.300000 2.874167
6.400000 2.874167
6.500000 2.874167
6.600000 2.874167
6.700000 2.874167
6.800000 2.874167
6.900000 2.874167
7.000000 2.874167
7.100000 2.874167
7.200000 2.874167
7.300000 2.874167
7.400000 2.874167
7.500000 2.874167
7.600000 2.874167
7.700000 2.874167
7.800000 2.874167
7.900000 2.874167
8.000000 2.874167
8.100000 2.874167
8.200000 2.874167
8.300000 2.874167
8.400000 2.874167
8.500000 2.874167
8.600000 2.874167
8.700000 2.874167
8.800000 2.874167
8.900000 2.874167
9.000000 2.874167
9.100000 2.874167
9.200000 2.874167
9.300000 2.874167
9.400000 2.874167
9.500000 2.874167
9.600000 2.874167
9.700000 2.874167
9.800000 2.874167
9.900000 2.874167
10.000000 2.874167
0.000000 2.800000
0.100000 2.800000
0.200000 2.800000
0.300000 2.800000
0.400000 2.800000
0.500000 2.800000
0.600000 2.800000
0.700000 2.800000
0.800000 2.800000
0.900000 2.800000
1.000000 2.800000
1.100000 2.800000
1.200000 2.800000
1.300000 2.800000
1.400000 2.800000
1.500000 2.800000
1.600000 2.800000
1.700000 2.800000
1.800000 2.800000
1.900000 2.800000
2.000000 2.800000
2.100000 2.808038
2.200000 2.816077
2.300000 2.824115
2.400000 2.832154
2.500000 2.840192
2.600000 2.848231
2.700000 2.856269
2.800000 2.864308
2.900000 2.872346
3.000000 2.880385
3.100000 2.888423
3.200000 2.896462
3.300000 2.904500
3.400000 2.912539
3.500000 2.920577
3.600000 2.928616
3.700000 2.936654
3.800000 2.944693
3.900000 2.952731
4.000000 2.960770
4.100000 2.960770
4.200000 2.960770
4.300000 2.960770
4.400000 2.960770
4.500000 2.960770
4.600000 2.960770
4.700000 2.960770
4.800000 2.960770
4.900000 2.960770
5.000000 2.960770
5.100000 2.960770
5.200000 2.960770
5.300000 2.960770
5.400000 2.960770
5.500000 2.960770
5.600000 2.960770
5.700000 2.960770
5.800000 2.960770
5.900000 2.960770
6.000000 2.960770
6.100000 2.960770
6.200000 2.960770
6.300000 2.960770
6.400000 2.960770
6.500000 2.960770
6.600000 2.960770
6.700000 2.960770
6.800000 2.960770
6.900000 2.960770
7.000000 2.960770
7.100000 2.960770
7.200000 2.960770
7.300000 2.960770
7.400000 2.960770
7.500000 2.960770
7.600000 2.960770
7.700000 2.960770
7.800000 2.960770
7.900000 2.960770
8.000000 2.960770
8.100000 2.960770
8.200000 2.960770
8.300000 2.960770
8.400000 2.960770
8.500000 2.960770
8.600000 2.960770
8.700000 2.960770
8.800000 2.960770
8.900000 2.960770
9.000000 2.960770
9.100000 2.960770
9.200000 2.960770
9.300000 2.960770
9.400000 2.960770
9.500000 2.960770
9.600000 2.960770
9.700000 2.960770
9.800000 2.960770
9.900000 2.960770
10.000000 2.960770
0.000000 2.900000
0.100000 2.900000
0.200000 2.900000
0.300000 2.900000
0.400000 2.900000
0.500000 2.900000
0.600000 2.900000
0.700000 2.900000
0.800000 2.900000
0.900000 2.900000
1.000000 2.900000
1.100000 2.900000
1.200000 2.900000
1.300000 2.900000
1.400000 2.900000
1.500000 2.900000
1.600000 2.900000
1.700000 2.900000
1.800000 2.900000
1.900000 2.900000
2.000000 2.900000
2.100000 2.907369
2.200000 2.914737
2.300000 2.922106
2.400000 2.929474
2.500000 2.936843
2.600000 2.944212
2.700000 2.951580
2.800000 2.958949
2.900000 2.966317
3.000000 2.973686
3.100000 2.981055
3.200000 2.988423
3.300000 2.995792
3.400000 3.003160
3.500000 3.010529
3.600000 3.017898
3.700000 3.025266
3.800000 3.032635
3.900000 3.040003
4.000000 3.047372
4.100000 3.047372
4.200000 3.047372
4.300000 3.047372
4.400000 3.047372
4.500000 3.047372
4.600000 3.047372
4.700000 3.047372
4.800000 3.047372
4.900000 3.047372
5.000000 3.047372
5.100000 3.047372
5.200000 3.047372
5.300000 3.047372
5.400000 3.047372
5.500000 3.047372
5.600000 3.047372
5.700000 3.047372
5.800000 3.047372
5.900000 3.047372
6.000000 3.047372
6.100000 3.047372
6.200000 3.047372
6.300000 3.047372
6.400000 3.047372
6.500000 3.047372
6.600000 3.047372
6.700000 3.047372
6.800000 3.047372
6.900000 3.047372
7.000000 3.047372
7.100000 3.047372
7.200000 3.047372
7.300000 3.047372
7.400000 3.047372
7.500000 3.047372
7.600000 3.047372
7.700000 3.047372
7.800000 3.047372
7.900000 3.047372
8.000000 3.047372
8.100000 3.047372
8.200000 3.047372
8.300000 3.047372
8.400000 3.047372
8.500000 3.047372
8.600000 3.047372
8.700000 3.047372
8.800000 3.047372
8.900000 3.047372
9.000000 3.047372
9.100000 3.047372
9.200000 3.047372
9.300000 3.047372
9.400000 3.047372
9.500000 3.047372
9.600000 3.047372
9.700000 3.047372
9.800000 3.047372
9.900000 3.047372
10.000000 3.047372
0.000000 3.000000
0.100000 3.000000
0.200000 3.000000
0.300000 3.000000
0.400000 3.000000
0.500000 3.000000
0.600000 3.000000
0.700000 3.000000
0.800000 3.000000
0.900000 3.000000
1.000000 3.000000
1.100000 3.000000
1.200000 3.000000
1.300000 3.000000
1.400000 3.000000
1.500000 3.000000
1.600000 3.000000
1.700000 3.000000
1.800000 3.000000
1.900000 3.000000
2.000000 3.000000
2.100000 3.006699
2.200000 3.013397
2.300000 3.020096
2.400000 3.026795
2.500000 3.033494
2.600000 3.040192
2.700000 3.046891
2.800000 3.053590
2.900000 3.060289
3.000000 3.066987
3.100000 3.073686
3.200000 3.080385
3.300000 3.087083
3.400000 3.093782
3.500000 3.100481
3.600000 3.107180
3.700000 3.113878
3.800000 3.120577
3.900000 3.127276
4.000000 3.133975
4.100000 3.133975
4.200000 3.133975
4.300000 3.133975
4.400000 3.133975
4.500000 3.133975
4.600000 3.133975
4.700000 3.133975
4.800000 3.133975
4.900000 3.133975
5.000000 3.133975
5.100000 3.133975
5.200000 3.133975
5.300000 3.133975
5.400000 3.133975
5.500000 3.133975
5.600000 3.133975
5.700000 3.133975
5.800000 3.133975
5.900000 3.133975
6.000000 3.133975
6.100000 3.133975
6.200000 3.133975
6.300000 3.133975
6.400000 3.133975
6.500000 3.133975
6.600000 3.133975
6.700000 3.133975
6.800000 3.133975
6.900000 3.133975
7.000000 3.133975
7.100000 3.133975
7.200000 3.133975
7.300000 3.133975
7.400000 3.133975
7.500000 3.133975
7.600000 3.133975
7.700000 3.133975
7.800000 3.133975
7.900000 3.133975
8.000000 3.133975
8.100000 3.133975
8.200000 3.133975
8.300000 3.133975
8.400000 3.133975
8.500000 3.133975
8.600000 3.133975
8.700000 3.133975
8.800000 3.133975
8.900000 3.133975
9.000000 3.133975
9.100000 3.133975
9.200000 3.133975
9.300000 3.133975
9.400000 3.133975
9.500000 3.133975
9.600000 3.133975
9.700000 3.133975
9.800000 3.133975
9.900000 3.133975
10.000000 3.133975
0.000000 3.100000
0.100000 3.100000
0.200000 3.100000
0.300000 3.100000
0.400000 3.100000
0.500000 3.100000
0.600000 3.100000
0.700000 3.100000
0.800000 3.100000
0.900000 3.100000
1.000000 3.100000
1.100000 3.100000
1.200000 3.100000
1.300000 3.100000
1.400000 3.100000
1.500000 3.100000
1.600000 3.100000
1.700000 3.100000
1.800000 3.100000
1.900000 3.100000
2.000000 3.100000
2.100000 3.106029
2.200000 3.112058
2.300000 3.118087
2.400000 3.124115
2.500000 3.130144
2.600000 3.136173
2.700000 3.142202
2.800000 3.148231
2.900000 3.154260
3.000000 3.160289
3.100000 3.166317
3.200000 3.172346
3.300000 3.178375
3.400000 3.184404
3.500000 3.190433
3.600000 3.196462
3.700000 3.202491
3.800000 3.208519
3.900000 3.214548
4.000000 3.220577
4.100000 3.220577
4.200000 3.220577
4.300000 3.220577
4.400000 3.220577
4.500000 3.220577
4.600000 3.220577
4.700000 3.220577
4.800000 3.220577
4.900000 3.220577
5.000000 3.220577
5.100000 3.220577
5.200000 3.220577
5.300000 3.220577
5.400000 3.220577
5.500000 3.220577
5.600000 3.220577
5.700000 3.220577
5.800000 3.220577
5.900000 3.220577
6.000000 3.220577
6.100000 3.220577
6.200000 3.220577
6.300000 3.220577
6.400000 3.220577
6.500000 3.220577
6.600000 3.220577
6.700000 3.220577
6.800000 3.220577
6.900000 3.220577
7.000000 3.220577
7.100000 3.220577
7.200000 3.220577
7.300000 3.220577
7.400000 3.220577
7.500000 3.220577
7.600000 3.220577
7.700000 3.220577
7.800000 3.220577
7.900000 3.220577
8.000000 3.220577
8.100000 3.220577
8.200000 3.220577
8.300000 3.220577
8.400000 3.220577
8.500000 3.220577
8.600000 3.220577
8.700000 3.220577
8.800000 3.220577
8.900000 3.220577
9.000000 3.220577
9.100000 3.220577
9.200000 3.220577
9.300000 3.220577
9.400000 3.220577
9.500000 3.220577
9.600000 3.220577
9.700000 3.220577
9.800000 3.220577
9.900000 3.220577
10.000000 3.220577
0.000000 3.200000
0.100000 3.200000
0.200000 3.200000
0.300000 3.200000
0.400000 3.200000
0.500000 3.200000
0.600000 3.200000
0.700000 3.200000
0.800000 3.200000
0.900000 3.200000
1.000000 3.200000
1.100000 3.200000
1.200000 3.200000
1.300000 3.200000
1.400000 3.200000
1.500000 3.200000
1.600000 3.200000
1.700000 3.200000
1.800000 3.200000
1.900000 3.200000
2.000000 3.200000
2.100000 3.205359
2.200000 3.210718
2.300000 3.216077
2.400000 3.221436
2.500000 3.226795
2.600000 3.232154
2.700000 3.237513
2.800000 3.242872
2.900000 3.248231
3.000000 3.253590
3.100000 3.258949
3.200000 3.264308
3.300000 3.269667
3.400000 3.275026
3.500000 3.280385
3.600000 3.285744
3.700000 3.291103
3.800000 3.296462
3.900000 3.301821
4.000000 3.307180
4.100000 3.307180
4.200000 3.307180
4.300000 3.307180
4.400000 3.307180
4.500000 3.307180
4.600000 3.307180
4.700000 3.307180
4.800000 3.307180
4.900000 3.307180
5.000000 3.307180
5.100000 3.307180
5.200000 3.307180
5.300000 3.307180
5.400000 3.307180
5.500000 3.307180
5.600000 3.307180
5.700000 3.307180
5.800000 3.307180
5.900000 3.307180
6.000000 3.307180
6.100000 3.307180
6.200000 3.307180
6.300000 3.307180
6.400000 3.307180
6.500000 3.307180
6.600000 3.307180
6.700000 3.307180
6.800000 3.307180
6.900000 3.307180
7.000000 3.307180
7.100000 3.307180
7.200000 3.307180
7.300000 3.307180
7.400000 3.307180
7.500000 3.307180
7.600000 3.307180
7.700000 3.307180
7.800000 3.307180
7.900000 3.307180
8.000000 3.307180
8.100000 3.307180
8.200000 3.307180
8.300000 3.307180
8.400000 3.307180
8.500000 3.307180
8.600000 3.307180
8.700000 3.307180
8.800000 3.307180
8.900000 3.307180
9.000000 3.307180
9.100000 3.307180
9.200000 3.307180
9.300000 3.307180
9.400000 3.307180
9.500000 3.307180
9.600000 3.307180
9.700000 3.307180
9.800000 3.307180
9.900000 3.307180
10.000000 3.307180
0.000000 3.300000
0.100000 3.300000
0.200000 3.300000
0.300000 3.300000
0.400000 3.300000
0.500000 3.300000
0.600000 3.300000
0.700000 3.300000
0.800000 3.300000
0.900000 3.300000
1.000000 3.300000
1.100000 3.300000
1.200000 3.300000
1.300000 3.300000
1.400000 3.300000
1.500000 3.300000
1.600000 3.300000
1.700000 3.300000
1.800000 3.300000
1.900000 3.300000
2.000000 3.300000
2.100000 3.304689
2.200000 3.309378
2.300000 3.314067
2.400000 3.318756
2.500000 3.323446
2.600000 3.328135
2.700000 3.332824
2.800000 3.337513
2.900000 3.342202
3.000000 3.346891
3.100000 3.351580
3.200000 3.356269
3.300000 3.360958
3.400000 3.365648
3.500000 3.370337
3.600000 3.375026
3.700000 3.379715
3.800000 3.384404
3.900000 3.389093
4.000000 3.393782
4.100000 3.393782
4.200000 3.393782
4.300000 3.393782
4.400000 3.393782
4.500000 3.393782
4.600000 3.393782
4.700000 3.393782
4.800000 3.393782
4.900000 3.393782
5.000000 3.393782
5.100000 3.393782
5.200000 3.393782
5.300000 3.393782
5.400000 3.393782
5.500000 3.393782
5.600000 3.393782
5.700000 3.393782
5.800000 3.393782
5.900000 3.393782
6.000000 3.393782
6.100000 3.393782
6.200000 3.393782
6.300000 3.393782
6.400000 3.393782
6.500000 3.393782
6.600000 3.393782
6.700000 3.393782
6.800000 3.393782
6.900000 3.393782
7.000000 3.393782
7.100000 3.393782
7.200000 3.393782
7.300000 3.393782
7.400000 3.393782
7.500000 3.393782
7.600000 3.393782
7.700000 3.393782
7.800000 3.393782
7.900000 3.393782
8.000000 3.393782
8.100000 3.393782
8.200000 3.393782
8.300000 3.393782
8.400000 3.393782
8.500000 3.393782
8.600000 3.393782
8.700000 3.393782
8.800000 3.393782
8.900000 3.393782
9.000000 3.393782
9.100000 3.393782
9.200000 3.393782
9.300000 3.393782
9.400000 3.393782
9.500000 3.393782
9.600000 3.393782
9.700000 3.393782
9.800000 3.393782
9.900000 3.393782
10.000000 3.393782
0.000000 3.400000
0.100000 3.400000
0.200000 3.400000
0.300000 3.400000
0.400000 3.400000
0.500000 3.400000
0.600000 3.400000
0.700000 3.400000
0.800000 3.400000
0.900000 3.400000
1.000000 3.400000
1.100000 3.400000
1.200000 3.400000
1.300000 3.400000
1.400000 3.400000
1.500000 3.400000
1.600000 3.400000
1.700000 3.400000
1.800000 3.400000
1.900000 3.400000
2.000000 3.400000
2.100000 3.404019
2.200000 3.408038
2.300000 3.412058
2.400000 3.416077
2.500000 3.420096
2.600000 3.424115
2.700000 3.428135
2.800000 3.432154
2.900000 3.436173
3.000000 3.440192
3.100000 3.444212
3.200000 3.448231
3.300000 3.452250
3.400000 3.456269
3.500000 3.460289
3.600000 3.464308
3.700000 3.468327
3.800000 3.472346
3.900000 3.476366
4.000000 3.480385
4.100000 3.480385
4.200000 3.480385
4.300000 3.480385
4.400000 3.480385
4.500000 3.480385
4.600000 3.480385
4.700000 3.480385
4.800000 3.480385
4.900000 3.480385
5.000000 3.480385
5.100000 3.480385
5.200000 3.480385
5.300000 3.480385
5.400000 3.480385
5.500000 3.480385
5.600000 3.480385
5.700000 3.480385
5.800000 3.480385
5.900000 3.480385
6.000000 3.480385
6.100000 3.480385
6.200000 3.480385
6.300000 3.480385
6.400000 3.480385
6.500000 3.480385
6.600000 3.480385
6.700000 3.480385
6.800000 3.480385
6.900000 3.480385
7.000000 3.480385
7.100000 3.480385
7.200000 3.480385
7.300000 3.480385
7.400000 3.480385
7.500000 3.480385
7.600000 3.480385
7.700000 3.480385
7.800000 3.480385
7.900000 3.480385
8.000000 3.480385
8.100000 3.480385
8.200000 3.480385
8.300000 3.480385
8.400000 3.480385
8.500000 3.480385
8.600000 3.480385
8.700000 3.480385
8.800000 3.480385
8.900000 3.480385
9.000000 3.480385
9.100000 3.480385
9.200000 3.480385
9.300000 3.480385
9.400000 3.480385
9.500000 3.480385
9.600000 3.480385
9.700000 3.480385
9.800000 3.480385
9.900000 3.480385
10.000000 3.480385
0.000000 3.500000
0.100000 3.500000
0.200000 3.500000
0.300000 3.500000
0.400000 3.500000
0.500000 3.500000
0.600000 3.500000
0.700000 3.500000
0.800000 3.500000
0.900000 3.500000
1.000000 3.500000
1.100000 3.500000
1.200000 3.500000
1.300000 3.500000
1.400000 3.500000
1.500000 3.500000
1.600000 3.500000
1.700000 3.500000
1.800000 3.500000
1.900000 3.500000
2.000000 3.500000
2.100000 3.503349
2.200000 3.506699
2.300000 3.510048
2.400000 3.513397
2.500000 3.516747
2.600000 3.520096
2.700000 3.523446
2.800000 3.526795
2.900000 3.530144
3.000000 3.533494
3.100000 3.536843
3.200000 3.540192
3.300000 3.543542
3.400000 3.546891
3.500000 3.550240
3.600000 3.553590
3.700000 3.556939
3.800000 3.560289
3.900000 3.563638
4.000000 3.566987
4.100000 3.566987
4.200000 3.566987
4.300000 3.566987
4.400000 3.566987
4.500000 3.566987
4.600000 3.566987
4.700000 3.566987
4.800000 3.566987
4.900000 3.566987
5.000000 3.566987
5.100000 3.566987
5.200000 3.566987
5.300000 3.566987
5.400000 3.566987
5.500000 3.566987
5.600000 3.566987
5.700000 3.566987
5.800000 3.566987
5.900000 3.566987
6.000000 3.566987
6.100000 3.566987
6.200000 3.566987
6.300000 3.566987
6.400000 3.566987
6.500000 3.566987
6.600000 3.566987
6.700000 3.566987
6.800000 3.566987
6.900000 3.566987
7.000000 3.566987
7.100000 3.566987
7.200000 3.566987
7.300000 3.566987
7.400000 3.566987
7.500000 3.566987
7.600000 3.566987
7.700000 3.566987
7.800000 3.566987
7.900000 3.566987
8.000000 3.566987
8.100000 3.566987
8.200000 3.566987
8.300000 3.566987
8.400000 3.566987
8.500000 3.566987
8.600000 3.566987
8.700000 3.566987
8.800000 3.566987
8.900000 3.566987
9.000000 3.566987
9.100000 3.566987
9.200000 3.566987
9.300000 3.566987
9.400000 3.566987
9.500000 3.566987
9.600000 3.566987
9.700000 3.566987
9.800000 3.566987
9.900000 3.566987
10.000000 3.566987
0.000000 3.600000
0.100000 3.600000
0.200000 3.600000
0.300000 3.600000
0.400000 3.600000
0.500000 3.600000
0.600000 3.600000
0.700000 3.600000
0.800000 3.600000
0.900000 3.600000
1.000000 3.600000
1.100000 3.600000
1.200000 3.600000
1.300000 3.600000
1.400000 3.600000
1.500000 3.600000
1.600000 3.600000
1.700000 3.600000
1.800000 3.600000
1.900000 3.600000
2.000000 3.600000
2.100000 3.602679
2.200000 3.605359
2.300000 3.608038
2.400000 3.610718
2.500000 3.613397
2.600000 3.616077
2.700000 3.618756
2.800000 3.621436
2.900000 3.624115
3.000000 3.626795
3.100000 3.629474
3.200000 3.632154
3.300000 3.634833
3.400000 3.637513
3.500000 3.640192
3.600000 3.642872
3.700000 3.645551
3.800000 3.648231
3.900000 3.650910
4.000000 3.653590
4.100000 3.653590
4.200000 3.653590
4.300000 3.653590
4.400000 3.653590
4.500000 3.653590
4.600000 3.653590
4.700000 3.653590
4.800000 3.653590
4.900000 3.653590
5.000000 3.653590
5.100000 3.653590
5.200000 3.653590
5.300000 3.653590
5.400000 3.653590
5.500000 3.653590
5.600000 3.653590
5.700000 3.653590
5.800000 3.653590
5.900000 3.653590
6.000000 3.653590
6.100000 3.653590
6.200000 3.653590
6.300000 3.653590
6.400000 3.653590
6.500000 3.653590
6.600000 3.653590
6.700000 3.653590
6.800000 3.653590
6.900000 3.653590
7.000000 3.653590
7.100000 3.653590
7.200000 3.653590
7.300000 3.653590
7.400000 3.653590
7.500000 3.653590
7.600000 3.653590
7.700000 3.653590
7.800000 3.653590
7.900000 3.653590
8.000000 3.653590
8.100000 3.653590
8.200000 3.653590
8.300000 3.653590
8.400000 3.653590
8.500000 3.653590
8.600000 3.653590
8.700000 3.653590
8.800000 3.653590
8.900000 3.653590
9.000000 3.653590
9.100000 3.653590
9.200000 3.653590
9.300000 3.653590
9.400000 3.653590
9.500000 3.653590
9.600000 3.653590
9.700000 3.653590
9.800000 3.653590
9.900000 3.653590
10.000000 3.653590
0.000000 3.700000
0.100000 3.700000
0.200000 3.700000
0.300000 3.700000
0.400000 3.700000
0.500000 3.700000
0.600000 3.700000
0.700000 3.700000
0.800000 3.700000
0.900000 3.700000
1.000000 3.700000
1.100000 3.700000
1.200000 3.700000
1.300000 3.700000
1.400000 3.700000
1.500000 3.700000
1.600000 3.700000
1.700000 3.700000
1.800000 3.700000
1.900000 3.700000
2.000000 3.700000
2.100000 3.702010
2.200000 3.704019
2.300000 3.706029
2.400000 3.708038
2.500000 3.710048
2.600000 3.712058
2.700000 3.714067
2.800000 3.716077
2.900000 3.718087
3.000000 3.720096
3.100000 3.722106
3.200000 3.724115
3.300000 3.726125
3.400000 3.728135
3.500000 3.730144
3.600000 3.732154
3.700000 3.734164
3.800000 3.736173
3.900000 3.738183
4.000000 3.740192
4.100000 3.740192
4.200000 3.740192
4.300000 3.740192
4.400000 3.740192
4.500000 3.740192
4.600000 3.740192
4.700000 3.740192
4.800000 3.740192
4.900000 3.740192
5.000000 3.740192
5.100000 3.740192
5.200000 3.740192
5.300000 3.740192
5.400000 3.740192
5.500000 3.740192
5.600000 3.740192
5.700000 3.740192
5.800000 3.740192
5.900000 3.740192
6.000000 3.740192
6.100000 3.740192
6.200000 3.740192
6.300000 3.740192
6.400000 3.740192
6.500000 3.740192
6.600000 3.740192
6.700000 3.740192
6.800000 3.740192
6.900000 3.740192
7.000000 3.740192
7.100000 3.740192
7.200000 3.740192
7.300000 3.740192
7.400000 3.740192
7.500000 3.740192
7.600000 3.740192
7.700000 3.740192
7.800000 3.740192
7.900000 3.740192
8.000000 3.740192
8.100000 3.740192
8.200000 3.740192
8.300000 3.740192
8.400000 3.740192
8.500000 3.740192
8.600000 3.740192
8.700000 3.740192
8.800000 3.740192
8.900000 3.740192
9.000000 3.740192
9.100000 3.740192
9.200000 3.740192
9.300000 3.740192
9.400000 3.740192
9.500000 3.740192
9.600000 3.740192
9.700000 3.740192
9.800000 3.740192
9.900000 3.740192
10.000000 3.740192
0.000000 3.800000
0.100000 3.800000
0.200000 3.800000
0.300000 3.800000
0.400000 3.800000
0.500000 3.800000
0.600000 3.800000
0.700000 3.800000
0.800000 3.800000
0.900000 3.800000
1.000000 3.800000
1.100000 3.800000
1.200000 3.800000
1.300000 3.800000
1.400000 3.800000
1.500000 3.800000
1.600000 3.800000
1.700000 3.800000
1.800000 3.800000
1.900000 3.800000
2.000000 3.800000
2.100000 3.801340
2.200000 3.802679
2.300000 3.804019
2.400000 3.805359
2.500000 3.806699
2.600000 3.808038
2.700000 3.809378
2.800000 3.810718
2.900000 3.812058
3.000000 3.813397
3.100000 3.814737
3.200000 3.816077
3.300000 3.817417
3.400000 3.818756
3.500000 3.820096
3.600000 3.821436
3.700000 3.822776
3.800000 3.824115
3.900000 3.825455
4.000000 3.826795
4.100000 3.826795
4.200000 3.826795
4.300000 3.826795
4.400000 3.826795
4.500000 3.826795
4.600000 3.826795
4.700000 3.826795
4.800000 3.826795
4.900000 3.826795
5.000000 3.826795
5.100000 3.826795
5.200000 3.826795
5.300000 3.826795
5.400000 3.826795
5.500000 3.826795
5.600000 3.826795
5.700000 3.826795
5.800000 3.826795
5.900000 3.826795
6.000000 3.826795
6.100000 3.826795
6.200000 3.826795
6.300000 3.826795
6.400000 3.826795
6.500000 3.826795
6.600000 3.826795
6.700000 3.826795
6.800000 3.826795
6.900000 3.826795
7.000000 3.826795
7.100000 3.826795
7.200000 3.826795
7.300000 3.826795
7.400000 3.826795
7.500000 3.826795
7.600000 3.826795
7.700000 3.826795
7.800000 3.826795
7.900000 3.826795
8.000000 3.826795
8.100000 3.826795
8.200000 3.826795
8.300000 3.826795
8.400000 3.826795
8.500000 3.826795
8.600000 3.826795
8.700000 3.826795
8.800000 3.826795
8.900000 3.826795
9.000000 3.826795
9.100000 3.826795
9.200000 3.826795
9.300000 3.826795
9.400000 3.826795
9.500000 3.826795
9.600000 3.826795
9.700000 3.826795
9.800000 3.826795
9.900000 3.826795
10.000000 3.826795
0.000000 3.900000
0.100000 3.900000
0.200000 3.900000
0.300000 3.900000
0.400000 3.900000
0.500000 3.900000
0.600000 3.900000
0.700000 3.900000
0.800000 3.900000
0.900000 3.900000
1.000000 3.900000
1.100000 3.900000
1.200000 3.900000
1.300000 3.900000
1.400000 3.900000
1.500000 3.900000
1.600000 3.900000
1.700000 3.900000
1.800000 3.900000
1.900000 3.900000
2.000000 3.900000
2.100000 3.900670
2.200000 3.901340
2.300000 3.902010
2.400000 3.902679
2.500000 3.903349
2.600000 3.904019
2.700000 3.904689
2.800000 3.905359
2.900000 3.906029
3.000000 3.906699
3.100000 3.907369
3.200000 3.908038
3.300000 3.908708
3.400000 3.909378
3.500000 3.910048
3.600000 3.910718
3.700000 3.911388
3.800000 3.912058
3.900000 3.912728
4.000000 3.913397
4.100000 3.913397
4.200000 3.913397
4.300000 3.913397
4.400000 3.913397
4.500000 3.913397
4.600000 3.913397
4.700000 3.913397
4.800000 3.913397
4.900000 3.913397
5.000000 3.913397
5.100000 3.913397
5.200000 3.913397
5.300000 3.913397
5.400000 3.913397
5.500000 3.913397
5.600000 3.913397
5.700000 3.913397
5.800000 3.913397
5.900000 3.913397
6.000000 3.913397
6.100000 3.913397
6.200000 3.913397
6.300000 3.913397
6.400000 3.913397
6.500000 3.913397
6.600000 3.913397
6.700000 3.913397
6.800000 3.913397
6.900000 3.913397
7.000000 3.913397
7.100000 3.913397
7.200000 3.913397
7.300000 3.913397
7.400000 3.913397
7.500000 3.913397
7.600000 3.913397
7.700000 3.913397
7.800000 3.913397
7.900000 3.913397
8.000000 3.913397
8.100000 3.913397
8.200000 3.913397
8.300000 3.913397
8.400000 3.913397
8.500000 3.913397
8.600000 3.913397
8.700000 3.913397
8.800000 3.913397
8.900000 3.913397
9.000000 3.913397
9.100000 3.913397
9.200000 3.913397
9.300000 3.913397
9.400000 3.913397
9.500000 3.913397
9.600000 3.913397
9.700000 3.913397
9.800000 3.913397
9.900000 3.913397
10.000000 3.913397
0.000000 4.000000
0.100000 4.000000
0.200000 4.000000
0.300000 4.000000
0.400000 4.000000
0.500000 4.000000
0.600000 4.000000
0.700000 4.000000
0.800000 4.000000
0.900000 4.000000
1.000000 4.000000
1.100000 4.000000
1.200000 4.000000
1.300000 4.000000
1.400000 4.000000
1.500000 4.000000
1.600000 4.000000
1.700000 4.000000
1.800000 4.000000
1.900000 4.000000
2.000000 4.000000
2.100000 4.000000
2.200000 4.000000
2.300000 4.000000
2.400000 4.000000
2.500000 4.000000
2.600000 4.000000
2.700000 4.000000
2.800000 4.000000
2.900000 4.000000
3.000000 4.000000
3.100000 4.000000
3.200000 4.000000
3.300000 4.000000
3.400000 4.000000
3.500000 4.000000
3.600000 4.000000
3.700000 4.000000
3.800000 4.000000
3.900000 4.000000
4.000000 4.000000
4.100000 4.000000
4.200000 4.000000
4.300000 4.000000
4.400000 4.000000
4.500000 4.000000
4.600000 4.000000
4.700000 4.000000
4.800000 4.000000
4.900000 4.000000
5.000000 4.000000
5.100000 4.000000
5.200000 4.000000
5.300000 4.000000
5.400000 4.000000
5.500000 4.000000
5.600000 4.000000
5.700000 4.000000
5.800000 4.000000
5.900000 4.000000
6.000000 4.000000
6.100000 4.000000
6.200000 4.000000
6.300000 4.000000
6.400000 4.000000
6.500000 4.000000
6.600000 4.000000
6.700000 4.000000
6.800000 4.000000
6.900000 4.000000
7.000000 4.000000
7.100000 4.000000
7.200000 4.000000
7.300000 4.000000
7.400000 4.000000
7.500000 4.000000
7.600000 4.000000
7.700000 4.000000
7.800000 4.000000
7.900000 4.000000
8.000000 4.000000
8.100000 4.000000
8.200000 4.000000
8.300000 4.000000
8.400000 4.000000
8.500000 4.000000
8.600000 4.000000
8.700000 4.000000
8.800000 4.000000
8.900000 4.000000
9.000000 4.000000
9.100000 4.000000
9.200000 4.000000
9.300000 4.000000
9.400000 4.000000
9.500000 4.000000
9.600000 4.000000
9.700000 4.000000
9.800000 4.000000
9.900000 4.000000
10.000000 4.000000
