TITLE = "vncfd python"
VARIABLES = "X", "Y"
ZONE T="1", I= 103, J= 47
1.000000 -0.001260
0.990100 -0.002641
0.979140 -0.004150
0.967040 -0.005792
0.953720 -0.007573
0.939100 -0.009496
0.923090 -0.011562
0.905640 -0.013773
0.886670 -0.016124
0.866140 -0.018611
0.844030 -0.021225
0.820310 -0.023954
0.795000 -0.026783
0.768150 -0.029692
0.739820 -0.032656
0.710100 -0.035649
0.679140 -0.038638
0.647090 -0.041587
0.614130 -0.044456
0.580480 -0.047205
0.546380 -0.049788
0.512060 -0.052163
0.477780 -0.054287
0.443780 -0.056121
0.410310 -0.057630
0.377600 -0.058786
0.345850 -0.059568
0.315250 -0.059965
0.285940 -0.059973
0.258060 -0.059598
0.231700 -0.058852
0.206920 -0.057757
0.183760 -0.056337
0.162220 -0.054620
0.142300 -0.052636
0.123960 -0.050417
0.107160 -0.047993
0.091832 -0.045389
0.077911 -0.042631
0.065325 -0.039738
0.054000 -0.036725
0.043862 -0.033601
0.034843 -0.030369
0.026882 -0.027026
0.019931 -0.023560
0.013960 -0.019952
0.008972 -0.016178
0.005009 -0.012223
0.002158 -0.008109
0.000504 -0.003958
0.000000 0.000000
0.000504 0.003958
0.002158 0.008109
0.005009 0.012223
0.008972 0.016178
0.013960 0.019952
0.019931 0.023560
0.026882 0.027026
0.034843 0.030369
0.043862 0.033601
0.054000 0.036725
0.065325 0.039738
0.077911 0.042631
0.091832 0.045389
0.107160 0.047993
0.123960 0.050417
0.142300 0.052636
0.162220 0.054620
0.183760 0.056337
0.206920 0.057757
0.231700 0.058852
0.258060 0.059598
0.285940 0.059973
0.315250 0.059965
0.345850 0.059568
0.377600 0.058786
0.410310 0.057630
0.443780 0.056121
0.477780 0.054287
0.512060 0.052163
0.546380 0.049788
0.580480 0.047205
0.614130 0.044456
0.647090 0.041587
0.679140 0.038638
0.710100 0.035649
0.739820 0.032656
0.768150 0.029692
0.795000 0.026783
0.820310 0.023954
0.844030 0.021225
0.866140 0.018611
0.886670 0.016124
0.905640 0.013773
0.923090 0.011562
0.939100 0.009496
0.953720 0.007573
0.967040 0.005792
0.979140 0.004150
0.990100 0.002641
1.000000 0.001260
1.000000 0.000000
1.000000 -0.001260
1.001200 -0.002500
0.990450 -0.004558
0.979400 -0.006181
0.967280 -0.007825
0.953960 -0.009595
0.939330 -0.011508
0.923320 -0.013565
0.905860 -0.015767
0.886890 -0.018111
0.866360 -0.020592
0.844240 -0.023200
0.820510 -0.025925
0.795200 -0.028750
0.768340 -0.031655
0.740000 -0.034617
0.710280 -0.037608
0.679310 -0.040595
0.647250 -0.043542
0.614290 -0.046411
0.580630 -0.049159
0.546520 -0.051743
0.512190 -0.054118
0.477890 -0.056243
0.443880 -0.058078
0.410400 -0.059588
0.377670 -0.060745
0.345900 -0.061530
0.315270 -0.061929
0.285940 -0.061939
0.258040 -0.061567
0.231650 -0.060825
0.206840 -0.059732
0.183640 -0.058315
0.162070 -0.056600
0.142110 -0.054620
0.123730 -0.052403
0.106880 -0.049979
0.091496 -0.047376
0.077517 -0.044617
0.064866 -0.041720
0.053467 -0.038699
0.043245 -0.035561
0.034127 -0.032306
0.026048 -0.028924
0.018957 -0.025394
0.012820 -0.021683
0.007637 -0.017744
0.003459 -0.013537
0.000402 -0.009069
-0.001402 -0.004472
-0.001962 -0.000000
-0.001402 0.004472
0.000402 0.009069
0.003459 0.013537
0.007637 0.017744
0.012820 0.021683
0.018957 0.025394
0.026048 0.028924
0.034127 0.032306
0.043245 0.035561
0.053467 0.038699
0.064866 0.041720
0.077517 0.044617
0.091496 0.047376
0.106880 0.049979
0.123730 0.052403
0.142110 0.054620
0.162070 0.056600
0.183640 0.058315
0.206840 0.059732
0.231650 0.060825
0.258040 0.061567
0.285940 0.061939
0.315270 0.061929
0.345900 0.061530
0.377670 0.060745
0.410400 0.059588
0.443880 0.058078
0.477890 0.056243
0.512190 0.054118
0.546520 0.051743
0.580630 0.049159
0.614290 0.046411
0.647250 0.043542
0.679310 0.040595
0.710280 0.037608
0.740000 0.034617
0.768340 0.031655
0.795200 0.028750
0.820510 0.025925
0.844240 0.023200
0.866360 0.020592
0.886890 0.018111
0.905860 0.015767
0.923320 0.013565
0.939330 0.011508
0.953960 0.009595
0.967280 0.007825
0.979400 0.006181
0.990450 0.004558
1.001200 0.002500
1.000800 0.000000
1.001200 -0.002500
1.003000 -0.004100
0.990970 -0.006781
0.979740 -0.008658
0.967570 -0.010329
0.954230 -0.012080
0.939600 -0.013967
0.923580 -0.016001
0.906120 -0.018183
0.887140 -0.020509
0.866600 -0.022973
0.844470 -0.025568
0.820750 -0.028281
0.795430 -0.031096
0.768560 -0.033993
0.740220 -0.036947
0.710490 -0.039932
0.679510 -0.042914
0.647450 -0.045858
0.614470 -0.048724
0.580810 -0.051470
0.546680 -0.054053
0.512340 -0.056428
0.478030 -0.058554
0.444000 -0.060390
0.410500 -0.061903
0.377750 -0.063064
0.345960 -0.063853
0.315310 -0.064257
0.285950 -0.064274
0.258020 -0.063909
0.231600 -0.063174
0.206750 -0.062090
0.183510 -0.060682
0.161900 -0.058978
0.141890 -0.057008
0.123460 -0.054802
0.106550 -0.052390
0.091103 -0.049798
0.077053 -0.047048
0.064321 -0.044158
0.052829 -0.041140
0.042497 -0.037997
0.033251 -0.034722
0.025020 -0.031298
0.017747 -0.027688
0.011394 -0.023837
0.005966 -0.019676
0.001529 -0.015139
-0.001771 -0.010227
-0.003754 -0.005087
-0.004382 -0.000000
-0.003754 0.005087
-0.001771 0.010227
0.001529 0.015139
0.005966 0.019676
0.011394 0.023837
0.017747 0.027688
0.025020 0.031298
0.033251 0.034722
0.042497 0.037997
0.052829 0.041140
0.064321 0.044158
0.077053 0.047048
0.091103 0.049798
0.106550 0.052390
0.123460 0.054802
0.141890 0.057008
0.161900 0.058978
0.183510 0.060682
0.206750 0.062090
0.231600 0.063174
0.258020 0.063909
0.285950 0.064274
0.315310 0.064257
0.345960 0.063853
0.377750 0.063064
0.410500 0.061903
0.444000 0.060390
0.478030 0.058554
0.512340 0.056428
0.546680 0.054053
0.580810 0.051470
0.614470 0.048724
0.647450 0.045858
0.679510 0.042914
0.710490 0.039932
0.740220 0.036947
0.768560 0.033993
0.795430 0.031096
0.820750 0.028281
0.844470 0.025568
0.866600 0.022973
0.887140 0.020509
0.906120 0.018183
0.923580 0.016001
0.939600 0.013967
0.954230 0.012080
0.967570 0.010329
0.979740 0.008658
0.990970 0.006781
1.003000 0.004100
1.001900 0.000000
1.003000 -0.004100
1.004700 -0.005872
0.991720 -0.009355
0.980220 -0.011640
0.967930 -0.013395
0.954550 -0.015131
0.939900 -0.016978
0.923880 -0.018970
0.906410 -0.021114
0.887430 -0.023407
0.866880 -0.025843
0.844750 -0.028412
0.821010 -0.031103
0.795690 -0.033899
0.768820 -0.036779
0.740470 -0.039720
0.710730 -0.042694
0.679750 -0.045666
0.647670 -0.048603
0.614690 -0.051463
0.581010 -0.054206
0.546880 -0.056786
0.512520 -0.059161
0.478200 -0.061288
0.444150 -0.063127
0.410630 -0.064645
0.377860 -0.065812
0.346040 -0.066608
0.315360 -0.067022
0.285970 -0.067050
0.258000 -0.066697
0.231540 -0.065978
0.206650 -0.064910
0.183370 -0.063521
0.161710 -0.061837
0.141640 -0.059889
0.123150 -0.057707
0.106170 -0.055319
0.090645 -0.052752
0.076507 -0.050027
0.063674 -0.047159
0.052064 -0.044156
0.041595 -0.041016
0.032185 -0.037722
0.023758 -0.034241
0.016251 -0.030515
0.009629 -0.026465
0.003907 -0.021998
-0.000825 -0.017035
-0.004386 -0.011580
-0.006553 -0.005799
-0.007249 -0.000000
-0.006553 0.005799
-0.004386 0.011580
-0.000825 0.017035
0.003907 0.021998
0.009629 0.026465
0.016251 0.030515
0.023758 0.034241
0.032185 0.037722
0.041595 0.041016
0.052064 0.044156
0.063674 0.047159
0.076507 0.050027
0.090645 0.052752
0.106170 0.055319
0.123150 0.057707
0.141640 0.059889
0.161710 0.061837
0.183370 0.063521
0.206650 0.064910
0.231540 0.065978
0.258000 0.066697
0.285970 0.067050
0.315360 0.067022
0.346040 0.066608
0.377860 0.065812
0.410630 0.064645
0.444150 0.063127
0.478200 0.061288
0.512520 0.059161
0.546880 0.056786
0.581010 0.054206
0.614690 0.051463
0.647670 0.048603
0.679750 0.045666
0.710730 0.042694
0.740470 0.039720
0.768820 0.036779
0.795690 0.033899
0.821010 0.031103
0.844750 0.028412
0.866880 0.025843
0.887430 0.023407
0.906410 0.021114
0.923880 0.018970
0.939900 0.016978
0.954550 0.015131
0.967930 0.013395
0.980220 0.011640
0.991720 0.009355
1.004700 0.005872
1.003500 0.000000
1.004700 -0.005872
1.006500 -0.007720
0.992780 -0.012308
0.980900 -0.015176
0.968390 -0.017118
0.954930 -0.018868
0.940250 -0.020665
0.924220 -0.022594
0.906740 -0.024677
0.887750 -0.026916
0.867200 -0.029304
0.845060 -0.031833
0.821320 -0.034488
0.795990 -0.037253
0.769110 -0.040107
0.740750 -0.043025
0.711010 -0.045980
0.680020 -0.048937
0.647930 -0.051861
0.614940 -0.054712
0.581260 -0.057448
0.547110 -0.060025
0.512730 -0.062399
0.478390 -0.064527
0.444330 -0.066371
0.410780 -0.067895
0.377990 -0.069071
0.346140 -0.069880
0.315430 -0.070308
0.286010 -0.070354
0.258000 -0.070022
0.231490 -0.069327
0.206550 -0.068287
0.183220 -0.066928
0.161490 -0.065278
0.141360 -0.063367
0.122790 -0.061225
0.105730 -0.058881
0.090113 -0.056358
0.075867 -0.053677
0.062909 -0.050849
0.051153 -0.047874
0.040509 -0.044741
0.030887 -0.041417
0.022206 -0.037846
0.014403 -0.033945
0.007450 -0.029610
0.001384 -0.024732
-0.003673 -0.019230
-0.007506 -0.013125
-0.009857 -0.006605
-0.010620 -0.000000
-0.009857 0.006605
-0.007506 0.013125
-0.003673 0.019230
0.001384 0.024732
0.007450 0.029610
0.014403 0.033945
0.022206 0.037846
0.030887 0.041417
0.040509 0.044741
0.051153 0.047874
0.062909 0.050849
0.075867 0.053677
0.090113 0.056358
0.105730 0.058881
0.122790 0.061225
0.141360 0.063367
0.161490 0.065278
0.183220 0.066928
0.206550 0.068287
0.231490 0.069327
0.258000 0.070022
0.286010 0.070354
0.315430 0.070308
0.346140 0.069880
0.377990 0.069071
0.410780 0.067895
0.444330 0.066371
0.478390 0.064527
0.512730 0.062399
0.547110 0.060025
0.581260 0.057448
0.614940 0.054712
0.647930 0.051861
0.680020 0.048937
0.711010 0.045980
0.740750 0.043025
0.769110 0.040107
0.795990 0.037253
0.821320 0.034488
0.845060 0.031833
0.867200 0.029304
0.887750 0.026916
0.906740 0.024677
0.924220 0.022594
0.940250 0.020665
0.954930 0.018868
0.968390 0.017118
0.980900 0.015176
0.992780 0.012308
1.006500 0.007720
1.005500 0.000000
1.006500 -0.007720
1.008400 -0.009607
0.994270 -0.015643
0.981900 -0.019296
0.969030 -0.021579
0.955400 -0.023414
0.940660 -0.025174
0.924600 -0.027022
0.907120 -0.029016
0.888120 -0.031173
0.867570 -0.033489
0.845420 -0.035953
0.821670 -0.038553
0.796330 -0.041271
0.769450 -0.044084
0.741080 -0.046968
0.711330 -0.049894
0.680330 -0.052828
0.648240 -0.055733
0.615240 -0.058570
0.581540 -0.061295
0.547370 -0.063866
0.512990 -0.066238
0.478630 -0.068368
0.444540 -0.070217
0.410970 -0.071751
0.378150 -0.072941
0.346270 -0.073768
0.315520 -0.074219
0.286060 -0.074292
0.258000 -0.073992
0.231440 -0.073332
0.206450 -0.072334
0.183050 -0.071022
0.161250 -0.069425
0.141050 -0.067572
0.122390 -0.065493
0.105230 -0.063216
0.089500 -0.060762
0.075124 -0.058148
0.062012 -0.055377
0.050069 -0.052441
0.039199 -0.049308
0.029302 -0.045922
0.020296 -0.042201
0.012121 -0.038036
0.004771 -0.033306
-0.001687 -0.027894
-0.007096 -0.021733
-0.011208 -0.014864
-0.013741 -0.007503
-0.014568 -0.000000
-0.013741 0.007503
-0.011208 0.014864
-0.007096 0.021733
-0.001687 0.027894
0.004771 0.033306
0.012121 0.038036
0.020296 0.042201
0.029302 0.045922
0.039199 0.049308
0.050069 0.052441
0.062012 0.055377
0.075124 0.058148
0.089500 0.060762
0.105230 0.063216
0.122390 0.065493
0.141050 0.067572
0.161250 0.069425
0.183050 0.071022
0.206450 0.072334
0.231440 0.073332
0.258000 0.073992
0.286060 0.074292
0.315520 0.074219
0.346270 0.073768
0.378150 0.072941
0.410970 0.071751
0.444540 0.070217
0.478630 0.068368
0.512990 0.066238
0.547370 0.063866
0.581540 0.061295
0.615240 0.058570
0.648240 0.055733
0.680330 0.052828
0.711330 0.049894
0.741080 0.046968
0.769450 0.044084
0.796330 0.041271
0.821670 0.038553
0.845420 0.035953
0.867570 0.033489
0.888120 0.031173
0.907120 0.029016
0.924600 0.027022
0.940660 0.025174
0.955400 0.023414
0.969030 0.021579
0.981900 0.019296
0.994270 0.015643
1.008400 0.009607
1.007800 0.000000
1.008400 -0.009607
1.010600 -0.011526
0.996300 -0.019336
0.983320 -0.024015
0.969960 -0.026840
0.956020 -0.028888
0.941140 -0.030662
0.925030 -0.032427
0.907520 -0.034307
0.888520 -0.036348
0.867970 -0.038557
0.845820 -0.040928
0.822070 -0.043447
0.796730 -0.046094
0.769840 -0.048848
0.741460 -0.051681
0.711710 -0.054564
0.680700 -0.057463
0.648590 -0.060340
0.615580 -0.063155
0.581870 -0.065865
0.547690 -0.068427
0.513290 -0.070795
0.478910 -0.072928
0.444800 -0.074785
0.411200 -0.076332
0.378340 -0.077543
0.346430 -0.078395
0.315640 -0.078878
0.286130 -0.078990
0.258020 -0.078736
0.231410 -0.078130
0.206350 -0.077193
0.182880 -0.075950
0.161000 -0.074430
0.140700 -0.072662
0.121940 -0.070676
0.104670 -0.068496
0.088804 -0.066141
0.074267 -0.063618
0.060960 -0.060920
0.048777 -0.058016
0.037610 -0.054852
0.027357 -0.051343
0.017935 -0.047380
0.009306 -0.042836
0.001492 -0.037579
-0.005404 -0.031501
-0.011187 -0.024553
-0.015584 -0.016804
-0.018293 -0.008496
-0.019183 -0.000000
-0.018293 0.008496
-0.015584 0.016804
-0.011187 0.024553
-0.005404 0.031501
0.001492 0.037579
0.009306 0.042836
0.017935 0.047380
0.027357 0.051343
0.037610 0.054852
0.048777 0.058016
0.060960 0.060920
0.074267 0.063618
0.088804 0.066141
0.104670 0.068496
0.121940 0.070676
0.140700 0.072662
0.161000 0.074430
0.182880 0.075950
0.206350 0.077193
0.231410 0.078130
0.258020 0.078736
0.286130 0.078990
0.315640 0.078878
0.346430 0.078395
0.378340 0.077543
0.411200 0.076332
0.444800 0.074785
0.478910 0.072928
0.513290 0.070795
0.547690 0.068427
0.581870 0.065865
0.615580 0.063155
0.648590 0.060340
0.680700 0.057463
0.711710 0.054564
0.741460 0.051681
0.769840 0.048848
0.796730 0.046094
0.822070 0.043447
0.845820 0.040928
0.867970 0.038557
0.888520 0.036348
0.907520 0.034307
0.925030 0.032427
0.941140 0.030662
0.956020 0.028888
0.969960 0.026840
0.983320 0.024015
0.996300 0.019336
1.010600 0.011526
1.010500 0.000000
1.010600 -0.011526
1.013200 -0.013483
0.998970 -0.023347
0.985320 -0.029323
0.971300 -0.032943
0.956900 -0.035389
0.941750 -0.037286
0.925510 -0.039007
0.907960 -0.040761
0.888960 -0.042650
0.868400 -0.044711
0.846260 -0.046948
0.822510 -0.049350
0.797170 -0.051896
0.770270 -0.054563
0.741900 -0.057323
0.712140 -0.060145
0.681120 -0.062994
0.649010 -0.065830
0.615980 -0.068615
0.582260 -0.071303
0.548070 -0.073851
0.513640 -0.076213
0.479240 -0.078349
0.445110 -0.080217
0.411480 -0.081783
0.378590 -0.083021
0.346630 -0.083910
0.315800 -0.084439
0.286230 -0.084606
0.258070 -0.084417
0.231390 -0.083887
0.206260 -0.083036
0.182700 -0.081892
0.160740 -0.080481
0.140340 -0.078835
0.121460 -0.076978
0.104050 -0.074932
0.088024 -0.072706
0.073285 -0.070294
0.059724 -0.067666
0.047222 -0.064764
0.035665 -0.061505
0.024950 -0.057777
0.015013 -0.053449
0.005842 -0.048386
-0.002501 -0.042458
-0.009876 -0.035571
-0.016053 -0.027703
-0.020739 -0.018952
-0.023623 -0.009589
-0.024573 -0.000000
-0.023623 0.009589
-0.020739 0.018952
-0.016053 0.027703
-0.009876 0.035571
-0.002501 0.042458
0.005842 0.048386
0.015013 0.053449
0.024950 0.057777
0.035665 0.061505
0.047222 0.064764
0.059724 0.067666
0.073285 0.070294
0.088024 0.072706
0.104050 0.074932
0.121460 0.076978
0.140340 0.078835
0.160740 0.080481
0.182700 0.081892
0.206260 0.083036
0.231390 0.083887
0.258070 0.084417
0.286230 0.084606
0.315800 0.084439
0.346630 0.083910
0.378590 0.083021
0.411480 0.081783
0.445110 0.080217
0.479240 0.078349
0.513640 0.076213
0.548070 0.073851
0.582260 0.071303
0.615980 0.068615
0.649010 0.065830
0.681120 0.062994
0.712140 0.060145
0.741900 0.057323
0.770270 0.054563
0.797170 0.051896
0.822510 0.049350
0.846260 0.046948
0.868400 0.044711
0.888960 0.042650
0.907960 0.040761
0.925510 0.039007
0.941750 0.037286
0.956900 0.035389
0.971300 0.032943
0.985320 0.029323
0.998970 0.023347
1.013200 0.013483
1.013600 0.000000
1.013200 -0.013483
1.016400 -0.015488
1.002400 -0.027627
0.988050 -0.035199
0.973250 -0.039902
0.958200 -0.042990
0.942590 -0.045185
0.926110 -0.046958
0.908450 -0.048614
0.889410 -0.050333
0.868860 -0.052203
0.846720 -0.054256
0.822980 -0.056493
0.797650 -0.058896
0.770760 -0.061440
0.742390 -0.064096
0.712620 -0.066831
0.681600 -0.069608
0.649480 -0.072388
0.616450 -0.075128
0.582720 -0.077784
0.548510 -0.080312
0.514070 -0.082667
0.479640 -0.084805
0.445480 -0.086688
0.411820 -0.088281
0.378890 -0.089556
0.346890 -0.090495
0.316010 -0.091087
0.286390 -0.091330
0.258160 -0.091232
0.231410 -0.090807
0.206200 -0.090078
0.182560 -0.089070
0.160490 -0.087812
0.139980 -0.086331
0.120970 -0.084648
0.103390 -0.082774
0.087156 -0.080702
0.072151 -0.078400
0.058248 -0.075810
0.045320 -0.072844
0.033250 -0.069387
0.021954 -0.065309
0.011394 -0.060469
0.001595 -0.054730
-0.007340 -0.047976
-0.015231 -0.040131
-0.021821 -0.031204
-0.026801 -0.021325
-0.029859 -0.010790
-0.030867 -0.000000
-0.029859 0.010790
-0.026801 0.021325
-0.021821 0.031204
-0.015231 0.040131
-0.007340 0.047976
0.001595 0.054730
0.011394 0.060469
0.021954 0.065309
0.033250 0.069387
0.045320 0.072844
0.058248 0.075810
0.072151 0.078400
0.087156 0.080702
0.103390 0.082774
0.120970 0.084648
0.139980 0.086331
0.160490 0.087812
0.182560 0.089070
0.206200 0.090078
0.231410 0.090807
0.258160 0.091232
0.286390 0.091330
0.316010 0.091087
0.346890 0.090495
0.378890 0.089556
0.411820 0.088281
0.445480 0.086688
0.479640 0.084805
0.514070 0.082667
0.548510 0.080312
0.582720 0.077784
0.616450 0.075128
0.649480 0.072388
0.681600 0.069608
0.712620 0.066831
0.742390 0.064096
0.770760 0.061440
0.797650 0.058896
0.822980 0.056493
0.846720 0.054256
0.868860 0.052203
0.889410 0.050333
0.908450 0.048614
0.926110 0.046958
0.942590 0.045185
0.958200 0.042990
0.973250 0.039902
0.988050 0.035199
1.002400 0.027627
1.016400 0.015488
1.017200 0.000000
1.016400 -0.015488
1.020400 -0.017575
1.006700 -0.032179
0.991680 -0.041660
0.976000 -0.047756
0.960110 -0.051766
0.943850 -0.054487
0.926930 -0.056475
0.909030 -0.058119
0.889890 -0.059684
0.869320 -0.061334
0.847200 -0.063151
0.823490 -0.065163
0.798180 -0.067366
0.771300 -0.069738
0.742940 -0.072248
0.713180 -0.074861
0.682160 -0.077538
0.650040 -0.080238
0.617000 -0.082916
0.583250 -0.085528
0.549030 -0.088028
0.514570 -0.090371
0.480120 -0.092513
0.445930 -0.094415
0.412240 -0.096043
0.379270 -0.097370
0.347220 -0.098377
0.316280 -0.099055
0.286610 -0.099403
0.258310 -0.099429
0.231480 -0.099150
0.206190 -0.098587
0.182450 -0.097766
0.160280 -0.096715
0.139630 -0.095452
0.120460 -0.093990
0.102680 -0.092318
0.086166 -0.090402
0.070796 -0.088179
0.056428 -0.085557
0.042934 -0.082418
0.030210 -0.078629
0.018200 -0.074046
0.006904 -0.068529
-0.003609 -0.061947
-0.013199 -0.054200
-0.021648 -0.045239
-0.028675 -0.035103
-0.033960 -0.023954
-0.037197 -0.012115
-0.038264 -0.000000
-0.037197 0.012115
-0.033960 0.023954
-0.028675 0.035103
-0.021648 0.045239
-0.013199 0.054200
-0.003609 0.061947
0.006904 0.068529
0.018200 0.074046
0.030210 0.078629
0.042934 0.082418
0.056428 0.085557
0.070796 0.088179
0.086166 0.090402
0.102680 0.092318
0.120460 0.093990
0.139630 0.095452
0.160280 0.096715
0.182450 0.097766
0.206190 0.098587
0.231480 0.099150
0.258310 0.099429
0.286610 0.099403
0.316280 0.099055
0.347220 0.098377
0.379270 0.097370
0.412240 0.096043
0.445930 0.094415
0.480120 0.092513
0.514570 0.090371
0.549030 0.088028
0.583250 0.085528
0.617000 0.082916
0.650040 0.080238
0.682160 0.077538
0.713180 0.074861
0.742940 0.072248
0.771300 0.069738
0.798180 0.067366
0.823490 0.065163
0.847200 0.063151
0.869320 0.061334
0.889890 0.059684
0.909030 0.058119
0.926930 0.056475
0.943850 0.054487
0.960110 0.051766
0.976000 0.047756
0.991680 0.041660
1.006700 0.032179
1.020400 0.017575
1.021600 0.000000
1.020400 -0.017575
1.025400 -0.019754
1.012100 -0.036982
0.996390 -0.048689
0.979760 -0.056513
0.962880 -0.061761
0.945750 -0.065294
0.928150 -0.067727
0.909820 -0.069519
0.890450 -0.071014
0.869790 -0.072456
0.847670 -0.073999
0.823990 -0.075724
0.798710 -0.077658
0.771880 -0.079792
0.743540 -0.082098
0.713800 -0.084540
0.682790 -0.087077
0.650670 -0.089664
0.617630 -0.092256
0.583880 -0.094806
0.549650 -0.097267
0.515170 -0.099592
0.480700 -0.101740
0.446480 -0.103670
0.412750 -0.105340
0.379740 -0.106740
0.347650 -0.107840
0.316660 -0.108630
0.286920 -0.109120
0.258550 -0.109320
0.231650 -0.109240
0.206270 -0.108900
0.182440 -0.108330
0.160150 -0.107550
0.139350 -0.106560
0.119970 -0.105350
0.101900 -0.103880
0.085000 -0.102090
0.069123 -0.099868
0.054128 -0.097098
0.039899 -0.093641
0.026364 -0.089353
0.013503 -0.084088
0.001361 -0.077711
-0.009953 -0.070105
-0.020258 -0.061190
-0.029306 -0.050945
-0.036795 -0.039439
-0.042401 -0.026868
-0.045824 -0.013580
-0.046953 -0.000000
-0.045824 0.013580
-0.042401 0.026868
-0.036795 0.039439
-0.029306 0.050945
-0.020258 0.061190
-0.009953 0.070105
0.001361 0.077711
0.013503 0.084088
0.026364 0.089353
0.039899 0.093641
0.054128 0.097098
0.069123 0.099868
0.085000 0.102090
0.101900 0.103880
0.119970 0.105350
0.139350 0.106560
0.160150 0.107550
0.182440 0.108330
0.206270 0.108900
0.231650 0.109240
0.258550 0.109320
0.286920 0.109120
0.316660 0.108630
0.347650 0.107840
0.379740 0.106740
0.412750 0.105340
0.446480 0.103670
0.480700 0.101740
0.515170 0.099592
0.549650 0.097267
0.583880 0.094806
0.617630 0.092256
0.650670 0.089664
0.682790 0.087077
0.713800 0.084540
0.743540 0.082098
0.771880 0.079792
0.798710 0.077658
0.823990 0.075724
0.847670 0.073999
0.869790 0.072456
0.890450 0.071014
0.909820 0.069519
0.928150 0.067727
0.945750 0.065294
0.962880 0.061761
0.979760 0.056513
0.996390 0.048689
1.012100 0.036982
1.025400 0.019754
1.026800 0.000000
1.025400 -0.019754
1.031600 -0.022039
1.018700 -0.042027
1.002400 -0.056270
0.984760 -0.066172
0.966770 -0.073011
0.948550 -0.077683
0.930030 -0.080855
0.911000 -0.083036
0.891180 -0.084627
0.870290 -0.085946
0.848100 -0.087226
0.824430 -0.088621
0.799220 -0.090213
0.772440 -0.092026
0.744160 -0.094051
0.714460 -0.096255
0.683480 -0.098595
0.651390 -0.101030
0.618360 -0.103500
0.584610 -0.105960
0.550370 -0.108360
0.515880 -0.110660
0.481390 -0.112810
0.447150 -0.114770
0.413390 -0.116510
0.380340 -0.118000
0.348210 -0.119230
0.317170 -0.120180
0.287380 -0.120870
0.258950 -0.121290
0.231980 -0.121480
0.206530 -0.121440
0.182590 -0.121190
0.160160 -0.120740
0.139160 -0.120060
0.119490 -0.119110
0.101000 -0.117810
0.083550 -0.116050
0.066977 -0.113700
0.051159 -0.110620
0.036011 -0.106670
0.021500 -0.101690
0.007651 -0.095546
-0.005449 -0.088113
-0.017647 -0.079290
-0.028728 -0.069019
-0.038418 -0.057308
-0.046399 -0.044260
-0.052345 -0.030101
-0.055964 -0.015202
-0.057158 -0.000000
-0.055964 0.015202
-0.052345 0.030101
-0.046399 0.044260
-0.038418 0.057308
-0.028728 0.069019
-0.017647 0.079290
-0.005449 0.088113
0.007651 0.095546
0.021500 0.101690
0.036011 0.106670
0.051159 0.110620
0.066977 0.113700
0.083550 0.116050
0.101000 0.117810
0.119490 0.119110
0.139160 0.120060
0.160160 0.120740
0.182590 0.121190
0.206530 0.121440
0.231980 0.121480
0.258950 0.121290
0.287380 0.120870
0.317170 0.120180
0.348210 0.119230
0.380340 0.118000
0.413390 0.116510
0.447150 0.114770
0.481390 0.112810
0.515880 0.110660
0.550370 0.108360
0.584610 0.105960
0.618360 0.103500
0.651390 0.101030
0.683480 0.098595
0.714460 0.096255
0.744160 0.094051
0.772440 0.092026
0.799220 0.090213
0.824430 0.088621
0.848100 0.087226
0.870290 0.085946
0.891180 0.084627
0.911000 0.083036
0.930030 0.080855
0.948550 0.077683
0.966770 0.073011
0.984760 0.066172
1.002400 0.056270
1.018700 0.042027
1.031600 0.022039
1.033100 0.000000
1.031600 -0.022039
1.039100 -0.024444
1.026700 -0.047321
1.009800 -0.064401
0.991270 -0.076740
0.972060 -0.085543
0.952580 -0.091722
0.932880 -0.095977
0.912860 -0.098854
0.892310 -0.100800
0.870950 -0.102180
0.848520 -0.103290
0.824790 -0.104370
0.799620 -0.105570
0.772930 -0.106980
0.744740 -0.108630
0.715130 -0.110510
0.684210 -0.112570
0.652170 -0.114780
0.619170 -0.117080
0.585450 -0.119420
0.551220 -0.121750
0.516730 -0.124010
0.482240 -0.126160
0.447990 -0.128170
0.414210 -0.129990
0.381130 -0.131610
0.348970 -0.133000
0.317900 -0.134170
0.288070 -0.135120
0.259610 -0.135850
0.232590 -0.136380
0.207060 -0.136730
0.183010 -0.136870
0.160380 -0.136790
0.139080 -0.136410
0.118960 -0.135670
0.099869 -0.134430
0.081639 -0.132550
0.064141 -0.129900
0.047282 -0.126330
0.031020 -0.121670
0.015367 -0.115790
0.000393 -0.108550
-0.013773 -0.099854
-0.026940 -0.089606
-0.038862 -0.077778
-0.049240 -0.064405
-0.057747 -0.049625
-0.064056 -0.033693
-0.067887 -0.017003
-0.069152 -0.000000
-0.067887 0.017003
-0.064056 0.033693
-0.057747 0.049625
-0.049240 0.064405
-0.038862 0.077778
-0.026940 0.089606
-0.013773 0.099854
0.000393 0.108550
0.015367 0.115790
0.031020 0.121670
0.047282 0.126330
0.064141 0.129900
0.081639 0.132550
0.099869 0.134430
0.118960 0.135670
0.139080 0.136410
0.160380 0.136790
0.183010 0.136870
0.207060 0.136730
0.232590 0.136380
0.259610 0.135850
0.288070 0.135120
0.317900 0.134170
0.348970 0.133000
0.381130 0.131610
0.414210 0.129990
0.447990 0.128170
0.482240 0.126160
0.516730 0.124010
0.551220 0.121750
0.585450 0.119420
0.619170 0.117080
0.652170 0.114780
0.684210 0.112570
0.715130 0.110510
0.744740 0.108630
0.772930 0.106980
0.799620 0.105570
0.824790 0.104370
0.848520 0.103290
0.870950 0.102180
0.892310 0.100800
0.912860 0.098854
0.932880 0.095977
0.952580 0.091722
0.972060 0.085543
0.991270 0.076740
1.009800 0.064401
1.026700 0.047321
1.039100 0.024444
1.040700 0.000000
1.039100 -0.024444
1.048200 -0.026992
1.036300 -0.052889
1.019100 -0.073092
0.999560 -0.088230
0.979090 -0.099390
0.958210 -0.107470
0.937110 -0.113200
0.915800 -0.117140
0.894180 -0.119760
0.872020 -0.121480
0.849080 -0.122630
0.825110 -0.123510
0.799880 -0.124350
0.773250 -0.125320
0.745190 -0.126500
0.715710 -0.127950
0.684920 -0.129640
0.652970 -0.131540
0.620050 -0.133600
0.586390 -0.135760
0.552200 -0.137970
0.517750 -0.140170
0.483280 -0.142320
0.449030 -0.144380
0.415260 -0.146320
0.382190 -0.148100
0.350030 -0.149730
0.318970 -0.151190
0.289140 -0.152480
0.260660 -0.153620
0.233610 -0.154590
0.207990 -0.155380
0.183760 -0.155950
0.160820 -0.156220
0.139040 -0.156080
0.118250 -0.155420
0.098282 -0.154070
0.079011 -0.151900
0.060336 -0.148730
0.042210 -0.144430
0.024636 -0.138840
0.007674 -0.131830
-0.008563 -0.123280
-0.023905 -0.113080
-0.038129 -0.101190
-0.050960 -0.087579
-0.062080 -0.072331
-0.071152 -0.055608
-0.077854 -0.037697
-0.081917 -0.019010
-0.083258 -0.000000
-0.081917 0.019010
-0.077854 0.037697
-0.071152 0.055608
-0.062080 0.072331
-0.050960 0.087579
-0.038129 0.101190
-0.023905 0.113080
-0.008563 0.123280
0.007674 0.131830
0.024636 0.138840
0.042210 0.144430
0.060336 0.148730
0.079011 0.151900
0.098282 0.154070
0.118250 0.155420
0.139040 0.156080
0.160820 0.156220
0.183760 0.155950
0.207990 0.155380
0.233610 0.154590
0.260660 0.153620
0.289140 0.152480
0.318970 0.151190
0.350030 0.149730
0.382190 0.148100
0.415260 0.146320
0.449030 0.144380
0.483280 0.142320
0.517750 0.140170
0.552200 0.137970
0.586390 0.135760
0.620050 0.133600
0.652970 0.131540
0.684920 0.129640
0.715710 0.127950
0.745190 0.126500
0.773250 0.125320
0.799880 0.124350
0.825110 0.123510
0.849080 0.122630
0.872020 0.121480
0.894180 0.119760
0.915800 0.117140
0.937110 0.113200
0.958210 0.107470
0.979090 0.099390
0.999560 0.088230
1.019100 0.073092
1.036300 0.052889
1.048200 0.026992
1.049900 0.000000
1.048200 -0.026992
1.059400 -0.029716
1.047900 -0.058774
1.030300 -0.082373
1.010000 -0.100670
0.988220 -0.114600
0.965820 -0.125010
0.943130 -0.132620
0.920280 -0.138030
0.897240 -0.141730
0.873910 -0.144150
0.850090 -0.145650
0.825550 -0.146580
0.800050 -0.147200
0.773370 -0.147780
0.745400 -0.148470
0.716080 -0.149400
0.685480 -0.150600
0.653710 -0.152080
0.620950 -0.153800
0.587410 -0.155700
0.553330 -0.157740
0.518960 -0.159860
0.484560 -0.162000
0.450380 -0.164140
0.416660 -0.166220
0.383660 -0.168240
0.351560 -0.170170
0.320550 -0.172010
0.290770 -0.173760
0.262310 -0.175380
0.235200 -0.176850
0.209420 -0.178110
0.184860 -0.179060
0.161390 -0.179580
0.138850 -0.179540
0.117080 -0.178760
0.095939 -0.177100
0.075336 -0.174380
0.055223 -0.170460
0.035599 -0.165190
0.016517 -0.158430
-0.001921 -0.150040
-0.019560 -0.139910
-0.036196 -0.127980
-0.051572 -0.114190
-0.065388 -0.098563
-0.077310 -0.081201
-0.086996 -0.062299
-0.094127 -0.042174
-0.098445 -0.021253
-0.099872 -0.000000
-0.098445 0.021253
-0.094127 0.042174
-0.086996 0.062299
-0.077310 0.081201
-0.065388 0.098563
-0.051572 0.114190
-0.036196 0.127980
-0.019560 0.139910
-0.001921 0.150040
0.016517 0.158430
0.035599 0.165190
0.055223 0.170460
0.075336 0.174380
0.095939 0.177100
0.117080 0.178760
0.138850 0.179540
0.161390 0.179580
0.184860 0.179060
0.209420 0.178110
0.235200 0.176850
0.262310 0.175380
0.290770 0.173760
0.320550 0.172010
0.351560 0.170170
0.383660 0.168240
0.416660 0.166220
0.450380 0.164140
0.484560 0.162000
0.518960 0.159860
0.553330 0.157740
0.587410 0.155700
0.620950 0.153800
0.653710 0.152080
0.685480 0.150600
0.716080 0.149400
0.745400 0.148470
0.773370 0.147780
0.800050 0.147200
0.825550 0.146580
0.850090 0.145650
0.873910 0.144150
0.897240 0.141730
0.920280 0.138030
0.943130 0.132620
0.965820 0.125010
0.988220 0.114600
1.010000 0.100670
1.030300 0.082373
1.047900 0.058774
1.059400 0.029716
1.061100 0.000000
1.059400 -0.029716
1.072900 -0.032654
1.061900 -0.065040
1.044000 -0.092301
1.022900 -0.114120
0.999860 -0.131230
0.975890 -0.144420
0.951450 -0.154370
0.926810 -0.161710
0.902060 -0.166920
0.877180 -0.170470
0.852060 -0.172720
0.826530 -0.174050
0.800380 -0.174750
0.773380 -0.175140
0.745340 -0.175440
0.716150 -0.175850
0.685770 -0.176500
0.654260 -0.177450
0.621750 -0.178710
0.588440 -0.180260
0.554570 -0.182050
0.520380 -0.184040
0.486150 -0.186160
0.452130 -0.188380
0.418570 -0.190660
0.385720 -0.192980
0.353770 -0.195310
0.322890 -0.197630
0.293190 -0.199890
0.264730 -0.202050
0.237460 -0.204010
0.211320 -0.205660
0.186170 -0.206850
0.161840 -0.207450
0.138190 -0.207260
0.115090 -0.206130
0.092446 -0.203890
0.070215 -0.200380
0.048399 -0.195440
0.027048 -0.188930
0.006258 -0.180720
-0.013827 -0.170680
-0.033016 -0.158720
-0.051069 -0.144770
-0.067701 -0.128820
-0.082589 -0.110900
-0.095385 -0.091156
-0.105740 -0.069808
-0.113350 -0.047198
-0.117950 -0.023772
-0.119470 -0.000000
-0.117950 0.023772
-0.113350 0.047198
-0.105740 0.069808
-0.095385 0.091156
-0.082589 0.110900
-0.067701 0.128820
-0.051069 0.144770
-0.033016 0.158720
-0.013827 0.170680
0.006258 0.180720
0.027048 0.188930
0.048399 0.195440
0.070215 0.200380
0.092446 0.203890
0.115090 0.206130
0.138190 0.207260
0.161840 0.207450
0.186170 0.206850
0.211320 0.205660
0.237460 0.204010
0.264730 0.202050
0.293190 0.199890
0.322890 0.197630
0.353770 0.195310
0.385720 0.192980
0.418570 0.190660
0.452130 0.188380
0.486150 0.186160
0.520380 0.184040
0.554570 0.182050
0.588440 0.180260
0.621750 0.178710
0.654260 0.177450
0.685770 0.176500
0.716150 0.175850
0.745340 0.175440
0.773380 0.175140
0.800380 0.174750
0.826530 0.174050
0.852060 0.172720
0.877180 0.170470
0.902060 0.166920
0.926810 0.161710
0.951450 0.154370
0.975890 0.144420
0.999860 0.131230
1.022900 0.114120
1.044000 0.092301
1.061900 0.065040
1.072900 0.032654
1.074700 0.000000
1.072900 -0.032654
1.089400 -0.035860
1.078600 -0.071771
1.060600 -0.102960
1.038700 -0.128670
1.014500 -0.149390
0.988920 -0.165820
0.962630 -0.178600
0.936020 -0.188340
0.909290 -0.195560
0.882510 -0.200700
0.855680 -0.204180
0.828690 -0.206360
0.801410 -0.207570
0.773650 -0.208130
0.745220 -0.208310
0.715940 -0.208380
0.685700 -0.208550
0.654470 -0.208950
0.622320 -0.209690
0.589390 -0.210790
0.555890 -0.212250
0.522060 -0.214040
0.488160 -0.216110
0.454460 -0.218430
0.421210 -0.220950
0.388640 -0.223630
0.356940 -0.226410
0.326240 -0.229240
0.296580 -0.232020
0.267970 -0.234630
0.240310 -0.236950
0.213480 -0.238800
0.187350 -0.240010
0.161760 -0.240400
0.136610 -0.239800
0.111810 -0.238030
0.087323 -0.234920
0.063166 -0.230320
0.039385 -0.224070
0.016075 -0.216040
-0.006628 -0.206080
-0.028540 -0.194100
-0.049436 -0.180000
-0.069043 -0.163730
-0.087048 -0.145310
-0.103110 -0.124800
-0.116860 -0.102370
-0.127960 -0.078267
-0.136090 -0.052860
-0.141010 -0.026611
-0.142640 -0.000000
-0.141010 0.026611
-0.136090 0.052860
-0.127960 0.078267
-0.116860 0.102370
-0.103110 0.124800
-0.087048 0.145310
-0.069043 0.163730
-0.049436 0.180000
-0.028540 0.194100
-0.006628 0.206080
0.016075 0.216040
0.039385 0.224070
0.063166 0.230320
0.087323 0.234920
0.111810 0.238030
0.136610 0.239800
0.161760 0.240400
0.187350 0.240010
0.213480 0.238800
0.240310 0.236950
0.267970 0.234630
0.296580 0.232020
0.326240 0.229240
0.356940 0.226410
0.388640 0.223630
0.421210 0.220950
0.454460 0.218430
0.488160 0.216110
0.522060 0.214040
0.555890 0.212250
0.589390 0.210790
0.622320 0.209690
0.654470 0.208950
0.685700 0.208550
0.715940 0.208380
0.745220 0.208310
0.773650 0.208130
0.801410 0.207570
0.828690 0.206360
0.855680 0.204180
0.882510 0.200700
0.909290 0.195560
0.936020 0.188340
0.962630 0.178600
0.988920 0.165820
1.014500 0.149390
1.038700 0.128670
1.060600 0.102960
1.078600 0.071771
1.089400 0.035860
1.091300 0.000000
1.089400 -0.035860
1.109400 -0.039398
1.098900 -0.079079
1.080700 -0.114470
1.058200 -0.144430
1.032700 -0.169220
1.005500 -0.189370
0.977330 -0.205500
0.948600 -0.218170
0.919670 -0.227910
0.890710 -0.235190
0.861790 -0.240420
0.832910 -0.243970
0.804010 -0.246200
0.774970 -0.247430
0.745640 -0.247970
0.715860 -0.248090
0.685490 -0.248060
0.654420 -0.248110
0.622640 -0.248400
0.590210 -0.249060
0.557270 -0.250160
0.524020 -0.251720
0.490700 -0.253710
0.457550 -0.256110
0.424800 -0.258860
0.392660 -0.261870
0.361260 -0.265050
0.330660 -0.268280
0.300860 -0.271400
0.271790 -0.274250
0.243340 -0.276640
0.215400 -0.278380
0.187830 -0.279270
0.160550 -0.279140
0.133490 -0.277790
0.106630 -0.275050
0.079981 -0.270760
0.053608 -0.264750
0.027600 -0.256870
0.002093 -0.246990
-0.022736 -0.234960
-0.046668 -0.220700
-0.069442 -0.204130
-0.090754 -0.185210
-0.110270 -0.163970
-0.127610 -0.140530
-0.142420 -0.115050
-0.154340 -0.087836
-0.163060 -0.059269
-0.168340 -0.029826
-0.170090 -0.000000
-0.168340 0.029826
-0.163060 0.059269
-0.154340 0.087836
-0.142420 0.115050
-0.127610 0.140530
-0.110270 0.163970
-0.090754 0.185210
-0.069442 0.204130
-0.046668 0.220700
-0.022736 0.234960
0.002093 0.246990
0.027600 0.256870
0.053608 0.264750
0.079981 0.270760
0.106630 0.275050
0.133490 0.277790
0.160550 0.279140
0.187830 0.279270
0.215400 0.278380
0.243340 0.276640
0.271790 0.274250
0.300860 0.271400
0.330660 0.268280
0.361260 0.265050
0.392660 0.261870
0.424800 0.258860
0.457550 0.256110
0.490700 0.253710
0.524020 0.251720
0.557270 0.250160
0.590210 0.249060
0.622640 0.248400
0.654420 0.248110
0.685490 0.248060
0.715860 0.248090
0.745640 0.247970
0.774970 0.247430
0.804010 0.246200
0.832910 0.243970
0.861790 0.240420
0.890710 0.235190
0.919670 0.227910
0.948600 0.218170
0.977330 0.205500
1.005500 0.189370
1.032700 0.169220
1.058200 0.144430
1.080700 0.114470
1.098900 0.079079
1.109400 0.039398
1.111500 0.000000
1.109400 -0.039398
1.133900 -0.043346
1.123300 -0.087100
1.105100 -0.126990
1.081900 -0.161580
1.055300 -0.190890
1.026500 -0.215290
0.996340 -0.235300
0.965390 -0.251470
0.934100 -0.264310
0.902730 -0.274300
0.871430 -0.281870
0.840300 -0.287400
0.809340 -0.291260
0.778520 -0.293780
0.747770 -0.295280
0.716960 -0.296060
0.685980 -0.296390
0.654730 -0.296560
0.623130 -0.296780
0.591170 -0.297270
0.558890 -0.298160
0.526410 -0.299530
0.493890 -0.301430
0.461490 -0.303830
0.429390 -0.306660
0.397700 -0.309810
0.366480 -0.313110
0.335750 -0.316400
0.305440 -0.319490
0.275480 -0.322150
0.245780 -0.324190
0.216230 -0.325400
0.186790 -0.325570
0.157400 -0.324510
0.128060 -0.322040
0.098803 -0.317970
0.069687 -0.312130
0.040812 -0.304350
0.012315 -0.294480
-0.015630 -0.282380
-0.042810 -0.267920
-0.068967 -0.251000
-0.093807 -0.231570
-0.116990 -0.209610
-0.138160 -0.185170
-0.156930 -0.158380
-0.172910 -0.129450
-0.185750 -0.098708
-0.195130 -0.066554
-0.200810 -0.033482
-0.202700 -0.000000
-0.200810 0.033482
-0.195130 0.066554
-0.185750 0.098708
-0.172910 0.129450
-0.156930 0.158380
-0.138160 0.185170
-0.116990 0.209610
-0.093807 0.231570
-0.068967 0.251000
-0.042810 0.267920
-0.015630 0.282380
0.012315 0.294480
0.040812 0.304350
0.069687 0.312130
0.098803 0.317970
0.128060 0.322040
0.157400 0.324510
0.186790 0.325570
0.216230 0.325400
0.245780 0.324190
0.275480 0.322150
0.305440 0.319490
0.335750 0.316400
0.366480 0.313110
0.397700 0.309810
0.429390 0.306660
0.461490 0.303830
0.493890 0.301430
0.526410 0.299530
0.558890 0.298160
0.591170 0.297270
0.623130 0.296780
0.654730 0.296560
0.685980 0.296390
0.716960 0.296060
0.747770 0.295280
0.778520 0.293780
0.809340 0.291260
0.840300 0.287400
0.871430 0.281870
0.902730 0.274300
0.934100 0.264310
0.965390 0.251470
0.996340 0.235300
1.026500 0.215290
1.055300 0.190890
1.081900 0.161580
1.105100 0.126990
1.123300 0.087100
1.133900 0.043346
1.136100 0.000000
1.133900 -0.043346
1.163700 -0.047796
1.153000 -0.096002
1.134600 -0.140730
1.110900 -0.180350
1.083200 -0.214660
1.052800 -0.243850
1.020600 -0.268340
0.987440 -0.288620
0.953700 -0.305200
0.919770 -0.318540
0.885910 -0.329100
0.852270 -0.337290
0.818940 -0.343480
0.785960 -0.348020
0.753330 -0.351240
0.720990 -0.353440
0.688900 -0.354910
0.656960 -0.355950
0.625110 -0.356790
0.593280 -0.357660
0.561450 -0.358760
0.529630 -0.360200
0.497830 -0.362060
0.466110 -0.364330
0.434500 -0.366960
0.403010 -0.369810
0.371650 -0.372730
0.340350 -0.375520
0.309080 -0.377980
0.277760 -0.379880
0.246330 -0.381010
0.214780 -0.381150
0.183070 -0.380090
0.151230 -0.377640
0.119300 -0.373590
0.087343 -0.367740
0.055475 -0.359930
0.023832 -0.349970
-0.007410 -0.337690
-0.038038 -0.322950
-0.067800 -0.305630
-0.096401 -0.285620
-0.123510 -0.262890
-0.148760 -0.237440
-0.171760 -0.209330
-0.192100 -0.178730
-0.209390 -0.145880
-0.223250 -0.111120
-0.233370 -0.074873
-0.239500 -0.037659
-0.241550 -0.000000
-0.239500 0.037659
-0.233370 0.074873
-0.223250 0.111120
-0.209390 0.145880
-0.192100 0.178730
-0.171760 0.209330
-0.148760 0.237440
-0.123510 0.262890
-0.096401 0.285620
-0.067800 0.305630
-0.038038 0.322950
-0.007410 0.337690
0.023832 0.349970
0.055475 0.359930
0.087343 0.367740
0.119300 0.373590
0.151230 0.377640
0.183070 0.380090
0.214780 0.381150
0.246330 0.381010
0.277760 0.379880
0.309080 0.377980
0.340350 0.375520
0.371650 0.372730
0.403010 0.369810
0.434500 0.366960
0.466110 0.364330
0.497830 0.362060
0.529630 0.360200
0.561450 0.358760
0.593280 0.357660
0.625110 0.356790
0.656960 0.355950
0.688900 0.354910
0.720990 0.353440
0.753330 0.351240
0.785960 0.348020
0.818940 0.343480
0.852270 0.337290
0.885910 0.329100
0.919770 0.318540
0.953700 0.305200
0.987440 0.288620
1.020600 0.268340
1.052800 0.243850
1.083200 0.214660
1.110900 0.180350
1.134600 0.140730
1.153000 0.096002
1.163700 0.047796
1.166200 0.000000
1.163700 -0.047796
1.200200 -0.052856
1.189300 -0.105990
1.170600 -0.155950
1.146200 -0.201040
1.117500 -0.240860
1.085600 -0.275420
1.051600 -0.305010
1.016100 -0.330070
0.979900 -0.351080
0.943380 -0.368500
0.906880 -0.382800
0.870630 -0.394410
0.834780 -0.403720
0.799430 -0.411100
0.764630 -0.416880
0.730390 -0.421380
0.696710 -0.424880
0.663520 -0.427650
0.630780 -0.429920
0.598400 -0.431900
0.566310 -0.433770
0.534420 -0.435660
0.502650 -0.437630
0.470900 -0.439710
0.439100 -0.441860
0.407160 -0.443980
0.375020 -0.445950
0.342600 -0.447610
0.309860 -0.448770
0.276740 -0.449230
0.243230 -0.448790
0.209340 -0.447240
0.175090 -0.444350
0.140540 -0.439930
0.105770 -0.433750
0.070881 -0.425610
0.036026 -0.415320
0.001381 -0.402660
-0.032840 -0.387480
-0.066383 -0.369610
-0.098955 -0.348920
-0.130220 -0.325320
-0.159810 -0.298780
-0.187330 -0.269310
-0.212340 -0.237000
-0.234430 -0.202040
-0.253170 -0.164700
-0.268180 -0.125340
-0.279130 -0.084414
-0.285790 -0.042451
-0.288010 -0.000000
-0.285790 0.042451
-0.279130 0.084414
-0.268180 0.125340
-0.253170 0.164700
-0.234430 0.202040
-0.212340 0.237000
-0.187330 0.269310
-0.159810 0.298780
-0.130220 0.325320
-0.098955 0.348920
-0.066383 0.369610
-0.032840 0.387480
0.001381 0.402660
0.036026 0.415320
0.070881 0.425610
0.105770 0.433750
0.140540 0.439930
0.175090 0.444350
0.209340 0.447240
0.243230 0.448790
0.276740 0.449230
0.309860 0.448770
0.342600 0.447610
0.375020 0.445950
0.407160 0.443980
0.439100 0.441860
0.470900 0.439710
0.502650 0.437630
0.534420 0.435660
0.566310 0.433770
0.598400 0.431900
0.630780 0.429920
0.663520 0.427650
0.696710 0.424880
0.730390 0.421380
0.764630 0.416880
0.799430 0.411100
0.834780 0.403720
0.870630 0.394410
0.906880 0.382800
0.943380 0.368500
0.979900 0.351080
1.016100 0.330070
1.051600 0.305010
1.085600 0.275420
1.117500 0.240860
1.146200 0.201040
1.170600 0.155950
1.189300 0.105990
1.200200 0.052856
1.203100 0.000000
1.200200 -0.052856
1.245000 -0.058649
1.233600 -0.117290
1.214600 -0.172970
1.189700 -0.224030
1.160000 -0.269900
1.126700 -0.310440
1.090800 -0.345810
1.053200 -0.376380
1.014600 -0.402580
0.975570 -0.424870
0.936480 -0.443720
0.897620 -0.459580
0.859210 -0.472850
0.821380 -0.483900
0.784210 -0.493080
0.747750 -0.500690
0.711990 -0.506990
0.676910 -0.512220
0.642430 -0.516580
0.608480 -0.520260
0.574950 -0.523400
0.541700 -0.526090
0.508590 -0.528410
0.475500 -0.530390
0.442270 -0.532010
0.408780 -0.533220
0.374920 -0.533930
0.340610 -0.534050
0.305770 -0.533420
0.270380 -0.531890
0.234410 -0.529290
0.197890 -0.525420
0.160850 -0.520080
0.123380 -0.513060
0.085573 -0.504140
0.047568 -0.493100
0.009539 -0.479710
-0.028302 -0.463770
-0.065702 -0.445090
-0.102370 -0.423490
-0.137960 -0.398840
-0.172100 -0.371050
-0.204390 -0.340090
-0.234370 -0.305980
-0.261600 -0.268830
-0.285610 -0.228870
-0.305960 -0.186360
-0.322250 -0.141720
-0.334150 -0.095405
-0.341380 -0.047972
-0.343800 -0.000000
-0.341380 0.047972
-0.334150 0.095405
-0.322250 0.141720
-0.305960 0.186360
-0.285610 0.228870
-0.261600 0.268830
-0.234370 0.305980
-0.204390 0.340090
-0.172100 0.371050
-0.137960 0.398840
-0.102370 0.423490
-0.065702 0.445090
-0.028302 0.463770
0.009539 0.479710
0.047568 0.493100
0.085573 0.504140
0.123380 0.513060
0.160850 0.520080
0.197890 0.525420
0.234410 0.529290
0.270380 0.531890
0.305770 0.533420
0.340610 0.534050
0.374920 0.533930
0.408780 0.533220
0.442270 0.532010
0.475500 0.530390
0.508590 0.528410
0.541700 0.526090
0.574950 0.523400
0.608480 0.520260
0.642430 0.516580
0.676910 0.512220
0.711990 0.506990
0.747750 0.500690
0.784210 0.493080
0.821380 0.483900
0.859210 0.472850
0.897620 0.459580
0.936480 0.443720
0.975570 0.424870
1.014600 0.402580
1.053200 0.376380
1.090800 0.345810
1.126700 0.310440
1.160000 0.269900
1.189700 0.224030
1.214600 0.172970
1.233600 0.117290
1.245000 0.058649
1.248300 0.000000
1.245000 -0.058649
1.300200 -0.065315
1.288300 -0.130180
1.268900 -0.192170
1.243400 -0.249760
1.212700 -0.302290
1.178100 -0.349480
1.140500 -0.391360
1.101000 -0.428210
1.060200 -0.460400
1.018700 -0.488390
0.977120 -0.512620
0.935660 -0.533540
0.894600 -0.551540
0.854090 -0.567010
0.814220 -0.580270
0.775040 -0.591600
0.736550 -0.601250
0.698700 -0.609440
0.661430 -0.616330
0.624660 -0.622080
0.588270 -0.626810
0.552140 -0.630610
0.516130 -0.633540
0.480120 -0.635640
0.443960 -0.636900
0.407540 -0.637310
0.370730 -0.636810
0.333460 -0.635330
0.295640 -0.632760
0.257220 -0.628990
0.218190 -0.623890
0.178550 -0.617270
0.138330 -0.608980
0.097619 -0.598800
0.056509 -0.586520
0.015152 -0.571920
-0.026262 -0.554780
-0.067497 -0.534880
-0.108270 -0.512000
-0.148250 -0.485980
-0.187060 -0.456660
-0.224290 -0.423960
-0.259460 -0.387850
-0.292120 -0.348360
-0.321750 -0.305620
-0.347860 -0.259870
-0.369990 -0.211410
-0.387700 -0.160660
-0.400640 -0.108120
-0.408520 -0.054362
-0.411170 -0.000000
-0.408520 0.054362
-0.400640 0.108120
-0.387700 0.160660
-0.369990 0.211410
-0.347860 0.259870
-0.321750 0.305620
-0.292120 0.348360
-0.259460 0.387850
-0.224290 0.423960
-0.187060 0.456660
-0.148250 0.485980
-0.108270 0.512000
-0.067497 0.534880
-0.026262 0.554780
0.015152 0.571920
0.056509 0.586520
0.097619 0.598800
0.138330 0.608980
0.178550 0.617270
0.218190 0.623890
0.257220 0.628990
0.295640 0.632760
0.333460 0.635330
0.370730 0.636810
0.407540 0.637310
0.443960 0.636900
0.480120 0.635640
0.516130 0.633540
0.552140 0.630610
0.588270 0.626810
0.624660 0.622080
0.661430 0.616330
0.698700 0.609440
0.736550 0.601250
0.775040 0.591600
0.814220 0.580270
0.854090 0.567010
0.894600 0.551540
0.935660 0.533540
0.977120 0.512620
1.018700 0.488390
1.060200 0.460400
1.101000 0.428210
1.140500 0.391360
1.178100 0.349480
1.212700 0.302290
1.243400 0.249760
1.268900 0.192170
1.288300 0.130180
1.300200 0.065315
1.304000 0.000000
1.300200 -0.065315
1.367100 -0.072627
1.354800 -0.144430
1.335200 -0.213400
1.309300 -0.278170
1.278000 -0.338050
1.242500 -0.392630
1.203700 -0.441870
1.162600 -0.485940
1.119900 -0.525150
1.076400 -0.559890
1.032400 -0.590570
0.988280 -0.617600
0.944360 -0.641370
0.900760 -0.662200
0.857580 -0.680390
0.814850 -0.696220
0.772580 -0.709910
0.730750 -0.721630
0.689300 -0.731560
0.648180 -0.739820
0.607300 -0.746520
0.566590 -0.751750
0.525930 -0.755570
0.485250 -0.758020
0.444440 -0.759100
0.403420 -0.758800
0.362090 -0.757100
0.320400 -0.753940
0.278280 -0.749250
0.235680 -0.742930
0.192590 -0.734890
0.149000 -0.724990
0.104930 -0.713080
0.060456 -0.698990
0.015660 -0.682530
-0.029316 -0.663500
-0.074284 -0.641690
-0.119000 -0.616880
-0.163190 -0.588880
-0.206480 -0.557510
-0.248480 -0.522630
-0.288750 -0.484140
-0.326790 -0.442010
-0.362070 -0.396310
-0.394080 -0.347170
-0.422280 -0.294820
-0.446170 -0.239600
-0.465290 -0.181950
-0.479260 -0.122390
-0.487770 -0.061527
-0.490630 -0.000000
-0.487770 0.061527
-0.479260 0.122390
-0.465290 0.181950
-0.446170 0.239600
-0.422280 0.294820
-0.394080 0.347170
-0.362070 0.396310
-0.326790 0.442010
-0.288750 0.484140
-0.248480 0.522630
-0.206480 0.557510
-0.163190 0.588880
-0.119000 0.616880
-0.074284 0.641690
-0.029316 0.663500
0.015660 0.682530
0.060456 0.698990
0.104930 0.713080
0.149000 0.724990
0.192590 0.734890
0.235680 0.742930
0.278280 0.749250
0.320400 0.753940
0.362090 0.757100
0.403420 0.758800
0.444440 0.759100
0.485250 0.758020
0.525930 0.755570
0.566590 0.751750
0.607300 0.746520
0.648180 0.739820
0.689300 0.731560
0.730750 0.721630
0.772580 0.709910
0.814850 0.696220
0.857580 0.680390
0.900760 0.662200
0.944360 0.641370
0.988280 0.617600
1.032400 0.590570
1.076400 0.559890
1.119900 0.525150
1.162600 0.485940
1.203700 0.441870
1.242500 0.392630
1.278000 0.338050
1.309300 0.278170
1.335200 0.213400
1.354800 0.144430
1.367100 0.072627
1.371100 0.000000
1.367100 -0.072627
1.448700 -0.080569
1.436400 -0.160050
1.416900 -0.236730
1.390900 -0.309430
1.359500 -0.377400
1.323400 -0.440210
1.283800 -0.497710
1.241500 -0.549980
1.197300 -0.597230
1.151700 -0.639790
1.105200 -0.678000
1.058200 -0.712190
1.010800 -0.742710
0.963380 -0.769840
0.915900 -0.793850
0.868480 -0.814980
0.821130 -0.833420
0.773880 -0.849330
0.726730 -0.862870
0.679640 -0.874160
0.632610 -0.883280
0.585590 -0.890330
0.538550 -0.895360
0.491440 -0.898400
0.444230 -0.899480
0.396870 -0.898600
0.349310 -0.895730
0.301540 -0.890840
0.253530 -0.883880
0.205260 -0.874790
0.156730 -0.863480
0.107950 -0.849840
0.058944 -0.833750
0.009779 -0.815080
-0.039459 -0.793670
-0.088643 -0.769360
-0.137600 -0.741950
-0.186100 -0.711270
-0.233860 -0.677140
-0.280540 -0.639400
-0.325740 -0.597930
-0.369000 -0.552640
-0.409820 -0.503530
-0.447650 -0.450640
-0.481940 -0.394130
-0.512140 -0.334250
-0.537710 -0.271360
-0.558170 -0.205900
-0.573110 -0.138430
-0.582210 -0.069567
-0.585270 -0.000000
-0.582210 0.069567
-0.573110 0.138430
-0.558170 0.205900
-0.537710 0.271360
-0.512140 0.334250
-0.481940 0.394130
-0.447650 0.450640
-0.409820 0.503530
-0.369000 0.552640
-0.325740 0.597930
-0.280540 0.639400
-0.233860 0.677140
-0.186100 0.711270
-0.137600 0.741950
-0.088643 0.769360
-0.039459 0.793670
0.009779 0.815080
0.058944 0.833750
0.107950 0.849840
0.156730 0.863480
0.205260 0.874790
0.253530 0.883880
0.301540 0.890840
0.349310 0.895730
0.396870 0.898600
0.444230 0.899480
0.491440 0.898400
0.538550 0.895360
0.585590 0.890330
0.632610 0.883280
0.679640 0.874160
0.726730 0.862870
0.773880 0.849330
0.821130 0.833420
0.868480 0.814980
0.915900 0.793850
0.963380 0.769840
1.010800 0.742710
1.058200 0.712190
1.105200 0.678000
1.151700 0.639790
1.197300 0.597230
1.241500 0.549980
1.283800 0.497710
1.323400 0.440210
1.359500 0.377400
1.390900 0.309430
1.416900 0.236730
1.436400 0.160050
1.448700 0.080569
1.452900 0.000000
1.448700 -0.080569
1.549500 -0.089138
1.537500 -0.177050
1.518300 -0.262250
1.492600 -0.343670
1.461300 -0.420600
1.425100 -0.492550
1.384900 -0.559290
1.341600 -0.620810
1.295700 -0.677220
1.247800 -0.728740
1.198300 -0.775620
1.147700 -0.818120
1.096000 -0.856500
1.043700 -0.891000
0.990660 -0.921840
0.937170 -0.949210
0.883270 -0.973280
0.829040 -0.994180
0.774540 -1.012000
0.719820 -1.027000
0.664900 -1.039100
0.609820 -1.048400
0.554610 -1.055000
0.499270 -1.058900
0.443830 -1.060200
0.388300 -1.058800
0.332710 -1.054800
0.277060 -1.048100
0.221390 -1.038700
0.165720 -1.026500
0.110080 -1.011500
0.054539 -0.993650
-0.000861 -0.972800
-0.056039 -0.948850
-0.110890 -0.921700
-0.165290 -0.891210
-0.219070 -0.857240
-0.272000 -0.819660
-0.323820 -0.778310
-0.374220 -0.733090
-0.422800 -0.683880
-0.469130 -0.630650
-0.512720 -0.573400
-0.553020 -0.512210
-0.589490 -0.447230
-0.621550 -0.378750
-0.648680 -0.307130
-0.670370 -0.232830
-0.686200 -0.156440
-0.695840 -0.078589
-0.699080 -0.000000
-0.695840 0.078589
-0.686200 0.156440
-0.670370 0.232830
-0.648680 0.307130
-0.621550 0.378750
-0.589490 0.447230
-0.553020 0.512210
-0.512720 0.573400
-0.469130 0.630650
-0.422800 0.683880
-0.374220 0.733090
-0.323820 0.778310
-0.272000 0.819660
-0.219070 0.857240
-0.165290 0.891210
-0.110890 0.921700
-0.056039 0.948850
-0.000861 0.972800
0.054539 0.993650
0.110080 1.011500
0.165720 1.026500
0.221390 1.038700
0.277060 1.048100
0.332710 1.054800
0.388300 1.058800
0.443830 1.060200
0.499270 1.058900
0.554610 1.055000
0.609820 1.048400
0.664900 1.039100
0.719820 1.027000
0.774540 1.012000
0.829040 0.994180
0.883270 0.973280
0.937170 0.949210
0.990660 0.921840
1.043700 0.891000
1.096000 0.856500
1.147700 0.818120
1.198300 0.775620
1.247800 0.728740
1.295700 0.677220
1.341600 0.620810
1.384900 0.559290
1.425100 0.492550
1.461300 0.420600
1.492600 0.343670
1.518300 0.262250
1.537500 0.177050
1.549500 0.089138
1.553600 0.000000
1.549500 -0.089138
1.675000 -0.098388
1.663400 -0.195530
1.644700 -0.290120
1.619600 -0.381210
1.588500 -0.468090
1.552200 -0.550240
1.511400 -0.627360
1.466700 -0.699340
1.418700 -0.766180
1.367900 -0.827970
1.314600 -0.884850
1.259300 -0.936980
1.202200 -0.984540
1.143600 -1.027700
1.083700 -1.066500
1.022600 -1.101300
0.960510 -1.132000
0.897610 -1.158900
0.834010 -1.181900
0.769830 -1.201300
0.705180 -1.217000
0.640140 -1.229100
0.574820 -1.237700
0.509310 -1.242900
0.443670 -1.244500
0.378000 -1.242700
0.312380 -1.237500
0.246880 -1.228800
0.181590 -1.216700
0.116590 -1.201100
0.051977 -1.181900
-0.012157 -1.159200
-0.075705 -1.132900
-0.138550 -1.102800
-0.200550 -1.069000
-0.261560 -1.031300
-0.321390 -0.989730
-0.379820 -0.944060
-0.436590 -0.894270
-0.491390 -0.840280
-0.543860 -0.782040
-0.593610 -0.719550
-0.640160 -0.652850
-0.683020 -0.582040
-0.721650 -0.507330
-0.755520 -0.429000
-0.784100 -0.347440
-0.806920 -0.263140
-0.823540 -0.176670
-0.833660 -0.088717
-0.837050 -0.000000
-0.833660 0.088717
-0.823540 0.176670
-0.806920 0.263140
-0.784100 0.347440
-0.755520 0.429000
-0.721650 0.507330
-0.683020 0.582040
-0.640160 0.652850
-0.593610 0.719550
-0.543860 0.782040
-0.491390 0.840280
-0.436590 0.894270
-0.379820 0.944060
-0.321390 0.989730
-0.261560 1.031300
-0.200550 1.069000
-0.138550 1.102800
-0.075705 1.132900
-0.012157 1.159200
0.051977 1.181900
0.116590 1.201100
0.181590 1.216700
0.246880 1.228800
0.312380 1.237500
0.378000 1.242700
0.443670 1.244500
0.509310 1.242900
0.574820 1.237700
0.640140 1.229100
0.705180 1.217000
0.769830 1.201300
0.834010 1.181900
0.897610 1.158900
0.960510 1.132000
1.022600 1.101300
1.083700 1.066500
1.143600 1.027700
1.202200 0.984540
1.259300 0.936980
1.314600 0.884850
1.367900 0.827970
1.418700 0.766180
1.466700 0.699340
1.511400 0.627360
1.552200 0.550240
1.588500 0.468090
1.619600 0.381210
1.644700 0.290120
1.663400 0.195530
1.675000 0.098388
1.678900 0.000000
1.675000 -0.098388
1.831900 -0.108510
1.820700 -0.215850
1.802600 -0.320900
1.777700 -0.422800
1.746700 -0.520850
1.709900 -0.614500
1.668000 -0.703390
1.621300 -0.787270
1.570300 -0.866040
1.515600 -0.939630
1.457400 -1.008100
1.396200 -1.071400
1.332200 -1.129600
1.265900 -1.182800
1.197400 -1.231100
1.127000 -1.274600
1.054900 -1.313200
0.981490 -1.347100
0.906850 -1.376400
0.831200 -1.401000
0.754740 -1.421100
0.677630 -1.436700
0.600060 -1.447800
0.522170 -1.454500
0.444140 -1.456800
0.366110 -1.454600
0.288240 -1.448200
0.210670 -1.437300
0.133570 -1.422100
0.057073 -1.402600
-0.018656 -1.378600
-0.093459 -1.350300
-0.167170 -1.317600
-0.239620 -1.280500
-0.310610 -1.239000
-0.379960 -1.192900
-0.447440 -1.142300
-0.512800 -1.087200
-0.575790 -1.027600
-0.636090 -0.963310
-0.693360 -0.894510
-0.747240 -0.821200
-0.797290 -0.743500
-0.843070 -0.661560
-0.884090 -0.575600
-0.919880 -0.485960
-0.949960 -0.393050
-0.973890 -0.297360
-0.991280 -0.199490
-1.001800 -0.100130
-1.005400 -0.000000
-1.001800 0.100130
-0.991280 0.199490
-0.973890 0.297360
-0.949960 0.393050
-0.919880 0.485960
-0.884090 0.575600
-0.843070 0.661560
-0.797290 0.743500
-0.747240 0.821200
-0.693360 0.894510
-0.636090 0.963310
-0.575790 1.027600
-0.512800 1.087200
-0.447440 1.142300
-0.379960 1.192900
-0.310610 1.239000
-0.239620 1.280500
-0.167170 1.317600
-0.093459 1.350300
-0.018656 1.378600
0.057073 1.402600
0.133570 1.422100
0.210670 1.437300
0.288240 1.448200
0.366110 1.454600
0.444140 1.456800
0.522170 1.454500
0.600060 1.447800
0.677630 1.436700
0.754740 1.421100
0.831200 1.401000
0.906850 1.376400
0.981490 1.347100
1.054900 1.313200
1.127000 1.274600
1.197400 1.231100
1.265900 1.182800
1.332200 1.129600
1.396200 1.071400
1.457400 1.008100
1.515600 0.939630
1.570300 0.866040
1.621300 0.787270
1.668000 0.703390
1.709900 0.614500
1.746700 0.520850
1.777700 0.422800
1.802600 0.320900
1.820700 0.215850
1.831900 0.108510
1.835700 0.000000
1.831900 -0.108510
2.028200 -0.119920
2.017200 -0.238830
1.999100 -0.355780
1.974100 -0.469980
1.942400 -0.580750
1.904300 -0.687530
1.860200 -0.789850
1.810400 -0.887360
1.755300 -0.979800
1.695300 -1.067000
1.630800 -1.148700
1.562100 -1.224900
1.489700 -1.295500
1.413800 -1.360500
1.334900 -1.419800
1.253300 -1.473500
1.169300 -1.521400
1.083100 -1.563700
0.995230 -1.600300
0.905820 -1.631300
0.815190 -1.656600
0.723600 -1.676400
0.631300 -1.690600
0.538560 -1.699200
0.445600 -1.702300
0.352680 -1.700000
0.260020 -1.692100
0.167860 -1.678900
0.076427 -1.660200
-0.014043 -1.636100
-0.103320 -1.606700
-0.191170 -1.571900
-0.277360 -1.531900
-0.361650 -1.486500
-0.443780 -1.435900
-0.523510 -1.380100
-0.600560 -1.319000
-0.674660 -1.252900
-0.745500 -1.181600
-0.812780 -1.105400
-0.876170 -1.024200
-0.935290 -0.938270
-0.989780 -0.847740
-1.039200 -0.752830
-1.083200 -0.653830
-1.121400 -0.551110
-1.153200 -0.445120
-1.178500 -0.336380
-1.196700 -0.225480
-1.207800 -0.113120
-1.211500 -0.000000
-1.207800 0.113120
-1.196700 0.225480
-1.178500 0.336380
-1.153200 0.445120
-1.121400 0.551110
-1.083200 0.653830
-1.039200 0.752830
-0.989780 0.847740
-0.935290 0.938270
-0.876170 1.024200
-0.812780 1.105400
-0.745500 1.181600
-0.674660 1.252900
-0.600560 1.319000
-0.523510 1.380100
-0.443780 1.435900
-0.361650 1.486500
-0.277360 1.531900
-0.191170 1.571900
-0.103320 1.606700
-0.014043 1.636100
0.076427 1.660200
0.167860 1.678900
0.260020 1.692100
0.352680 1.700000
0.445600 1.702300
0.538560 1.699200
0.631300 1.690600
0.723600 1.676400
0.815190 1.656600
0.905820 1.631300
0.995230 1.600300
1.083100 1.563700
1.169300 1.521400
1.253300 1.473500
1.334900 1.419800
1.413800 1.360500
1.489700 1.295500
1.562100 1.224900
1.630800 1.148700
1.695300 1.067000
1.755300 0.979800
1.810400 0.887360
1.860200 0.789850
1.904300 0.687530
1.942400 0.580750
1.974100 0.469980
1.999100 0.355780
2.017200 0.238830
2.028200 0.119920
2.031900 0.000000
2.028200 -0.119920
2.272900 -0.133320
2.261600 -0.265810
2.242800 -0.396670
2.216700 -0.525200
2.183100 -0.650720
2.142400 -0.772650
2.094800 -0.890420
2.040400 -1.003600
1.979500 -1.111700
1.912600 -1.214400
1.840000 -1.311500
1.762100 -1.402600
1.679200 -1.487500
1.591800 -1.566100
1.500300 -1.638200
1.405200 -1.703700
1.306800 -1.762500
1.205600 -1.814600
1.101800 -1.859900
0.996010 -1.898300
0.888480 -1.929900
0.779600 -1.954700
0.669740 -1.972500
0.559240 -1.983600
0.448440 -1.987900
0.337680 -1.985300
0.227300 -1.976000
0.117620 -1.960000
0.008960 -1.937400
-0.098348 -1.908200
-0.203990 -1.872400
-0.307640 -1.830100
-0.408980 -1.781500
-0.507700 -1.726600
-0.603470 -1.665400
-0.695960 -1.598200
-0.784860 -1.524900
-0.869840 -1.445900
-0.950560 -1.361100
-1.026700 -1.270800
-1.097900 -1.175200
-1.163800 -1.074500
-1.224100 -0.968920
-1.278400 -0.858860
-1.326300 -0.744630
-1.367600 -0.626670
-1.401900 -0.505470
-1.428900 -0.381560
-1.448400 -0.255570
-1.460200 -0.128150
-1.464100 -0.000000
-1.460200 0.128150
-1.448400 0.255570
-1.428900 0.381560
-1.401900 0.505470
-1.367600 0.626670
-1.326300 0.744630
-1.278400 0.858860
-1.224100 0.968920
-1.163800 1.074500
-1.097900 1.175200
-1.026700 1.270800
-0.950560 1.361100
-0.869840 1.445900
-0.784860 1.524900
-0.695960 1.598200
-0.603470 1.665400
-0.507700 1.726600
-0.408980 1.781500
-0.307640 1.830100
-0.203990 1.872400
-0.098348 1.908200
0.008960 1.937400
0.117620 1.960000
0.227300 1.976000
0.337680 1.985300
0.448440 1.987900
0.559240 1.983600
0.669740 1.972500
0.779600 1.954700
0.888480 1.929900
0.996010 1.898300
1.101800 1.859900
1.205600 1.814600
1.306800 1.762500
1.405200 1.703700
1.500300 1.638200
1.591800 1.566100
1.679200 1.487500
1.762100 1.402600
1.840000 1.311500
1.912600 1.214400
1.979500 1.111700
2.040400 1.003600
2.094800 0.890420
2.142400 0.772650
2.183100 0.650720
2.216700 0.525200
2.242800 0.396670
2.261600 0.265810
2.272900 0.133320
2.276700 0.000000
2.272900 -0.133320
2.575600 -0.149620
2.563400 -0.298560
2.543000 -0.446140
2.514400 -0.591710
2.477600 -0.734620
2.432600 -0.874230
2.379600 -1.009900
2.318700 -1.141100
2.250200 -1.267300
2.174300 -1.387900
2.091400 -1.502500
2.002000 -1.610600
1.906400 -1.712000
1.805000 -1.806200
1.698500 -1.893100
1.587200 -1.972300
1.471700 -2.043800
1.352400 -2.107300
1.229800 -2.162700
1.104500 -2.209900
0.976900 -2.248900
0.847490 -2.279500
0.716730 -2.301800
0.585100 -2.315800
0.453060 -2.321500
0.321040 -2.318900
0.189510 -2.308000
0.058901 -2.288900
-0.070360 -2.261800
-0.197840 -2.226600
-0.323120 -2.183400
-0.445770 -2.132500
-0.565390 -2.074000
-0.681560 -2.007900
-0.793880 -1.934500
-0.901960 -1.854000
-1.005400 -1.766600
-1.103800 -1.672500
-1.196800 -1.571900
-1.284100 -1.465200
-1.365200 -1.352700
-1.439800 -1.234700
-1.507700 -1.111600
-1.568400 -0.983720
-1.621800 -0.851600
-1.667400 -0.715720
-1.705100 -0.576610
-1.734700 -0.434840
-1.756000 -0.291040
-1.768800 -0.145870
-1.773100 -0.000000
-1.768800 0.145870
-1.756000 0.291040
-1.734700 0.434840
-1.705100 0.576610
-1.667400 0.715720
-1.621800 0.851600
-1.568400 0.983720
-1.507700 1.111600
-1.439800 1.234700
-1.365200 1.352700
-1.284100 1.465200
-1.196800 1.571900
-1.103800 1.672500
-1.005400 1.766600
-0.901960 1.854000
-0.793880 1.934500
-0.681560 2.007900
-0.565390 2.074000
-0.445770 2.132500
-0.323120 2.183400
-0.197840 2.226600
-0.070360 2.261800
0.058901 2.288900
0.189510 2.308000
0.321040 2.318900
0.453060 2.321500
0.585100 2.315800
0.716730 2.301800
0.847490 2.279500
0.976900 2.248900
1.104500 2.209900
1.229800 2.162700
1.352400 2.107300
1.471700 2.043800
1.587200 1.972300
1.698500 1.893100
1.805000 1.806200
1.906400 1.712000
2.002000 1.610600
2.091400 1.502500
2.174300 1.387900
2.250200 1.267300
2.318700 1.141100
2.379600 1.009900
2.432600 0.874230
2.477600 0.734620
2.514400 0.591710
2.543000 0.446140
2.563400 0.298560
2.575600 0.149620
2.579700 0.000000
2.575600 -0.149620
2.946900 -0.169830
2.933100 -0.339050
2.910000 -0.507060
2.877500 -0.673240
2.835800 -0.836930
2.784600 -0.997470
2.724200 -1.154200
2.654500 -1.306300
2.575900 -1.453300
2.488600 -1.594500
2.393000 -1.729200
2.289300 -1.856900
2.178100 -1.977100
2.059900 -2.089400
1.935300 -2.193200
1.804700 -2.288300
1.668700 -2.374300
1.528000 -2.451000
1.383100 -2.518200
1.234600 -2.575600
1.083200 -2.623200
0.929390 -2.660800
0.773850 -2.688300
0.617150 -2.705800
0.459880 -2.713200
0.302610 -2.710600
0.145930 -2.697900
-0.009603 -2.675400
-0.163420 -2.643000
-0.314980 -2.601000
-0.463730 -2.549400
-0.609140 -2.488500
-0.750700 -2.418400
-0.887880 -2.339500
-1.020200 -2.251900
-1.147200 -2.156000
-1.268300 -2.052100
-1.383200 -1.940500
-1.491400 -1.821500
-1.592500 -1.695700
-1.686100 -1.563400
-1.771900 -1.425200
-1.849600 -1.281400
-1.918800 -1.132500
-1.979300 -0.979290
-2.030900 -0.822150
-2.073300 -0.661730
-2.106500 -0.498660
-2.130300 -0.333570
-2.144600 -0.167120
-2.149400 -0.000000
-2.144600 0.167120
-2.130300 0.333570
-2.106500 0.498660
-2.073300 0.661730
-2.030900 0.822150
-1.979300 0.979290
-1.918800 1.132500
-1.849600 1.281400
-1.771900 1.425200
-1.686100 1.563400
-1.592500 1.695700
-1.491400 1.821500
-1.383200 1.940500
-1.268300 2.052100
-1.147200 2.156000
-1.020200 2.251900
-0.887880 2.339500
-0.750700 2.418400
-0.609140 2.488500
-0.463730 2.549400
-0.314980 2.601000
-0.163420 2.643000
-0.009603 2.675400
0.145930 2.697900
0.302610 2.710600
0.459880 2.713200
0.617150 2.705800
0.773850 2.688300
0.929390 2.660800
1.083200 2.623200
1.234600 2.575600
1.383100 2.518200
1.528000 2.451000
1.668700 2.374300
1.804700 2.288300
1.935300 2.193200
2.059900 2.089400
2.178100 1.977100
2.289300 1.856900
2.393000 1.729200
2.488600 1.594500
2.575900 1.453300
2.654500 1.306300
2.724200 1.154200
2.784600 0.997470
2.835800 0.836930
2.877500 0.673240
2.910000 0.507060
2.933100 0.339050
2.946900 0.169830
2.951500 0.000000
2.946900 -0.169830
3.398500 -0.194960
3.382400 -0.389320
3.355500 -0.582480
3.317800 -0.773790
3.269200 -0.962580
3.209800 -1.148100
3.139600 -1.329700
3.058600 -1.506500
2.967200 -1.677800
2.865500 -1.842800
2.753900 -2.000800
2.632900 -2.151100
2.502800 -2.292900
2.364200 -2.425800
2.217700 -2.549200
2.064000 -2.662500
1.903700 -2.765300
1.737500 -2.857200
1.566000 -2.937900
1.390100 -3.007200
1.210500 -3.064700
1.027800 -3.110400
0.842950 -3.144000
0.656540 -3.165600
0.469370 -3.175100
0.282150 -3.172600
0.095614 -3.158000
-0.089515 -3.131400
-0.272540 -3.093100
-0.452760 -3.043200
-0.629500 -2.981900
-0.802090 -2.909400
-0.969900 -2.826100
-1.132300 -2.732300
-1.288700 -2.628200
-1.438500 -2.514400
-1.581100 -2.391300
-1.716100 -2.259400
-1.842900 -2.119000
-1.961100 -1.970800
-2.070300 -1.815400
-2.170100 -1.653300
-2.260200 -1.485100
-2.340400 -1.311500
-2.410200 -1.133100
-2.469700 -0.950590
-2.518500 -0.764620
-2.556600 -0.575890
-2.583800 -0.385080
-2.600200 -0.192890
-2.605700 -0.000000
-2.600200 0.192890
-2.583800 0.385080
-2.556600 0.575890
-2.518500 0.764620
-2.469700 0.950590
-2.410200 1.133100
-2.340400 1.311500
-2.260200 1.485100
-2.170100 1.653300
-2.070300 1.815400
-1.961100 1.970800
-1.842900 2.119000
-1.716100 2.259400
-1.581100 2.391300
-1.438500 2.514400
-1.288700 2.628200
-1.132300 2.732300
-0.969900 2.826100
-0.802090 2.909400
-0.629500 2.981900
-0.452760 3.043200
-0.272540 3.093100
-0.089515 3.131400
0.095614 3.158000
0.282150 3.172600
0.469370 3.175100
0.656540 3.165600
0.842950 3.144000
1.027800 3.110400
1.210500 3.064700
1.390100 3.007200
1.566000 2.937900
1.737500 2.857200
1.903700 2.765300
2.064000 2.662500
2.217700 2.549200
2.364200 2.425800
2.502800 2.292900
2.632900 2.151100
2.753900 2.000800
2.865500 1.842800
2.967200 1.677800
3.058600 1.506500
3.139600 1.329700
3.209800 1.148100
3.269200 0.962580
3.317800 0.773790
3.355500 0.582480
3.382400 0.389320
3.398500 0.194960
3.403900 0.000000
3.398500 -0.194960
3.944300 -0.226060
3.925300 -0.451470
3.893400 -0.675530
3.848900 -0.897560
3.791600 -1.116800
3.721500 -1.332500
3.638800 -1.543700
3.543700 -1.749800
3.436200 -1.949700
3.316700 -2.142700
3.185600 -2.327800
3.043200 -2.504200
2.890200 -2.671200
2.727000 -2.828000
2.554400 -2.973800
2.373100 -3.108100
2.183700 -3.230200
1.987100 -3.339700
1.784200 -3.436000
1.575700 -3.518900
1.362600 -3.588000
1.145800 -3.643000
0.926170 -3.683700
0.704600 -3.710100
0.482010 -3.722100
0.259310 -3.719600
0.037401 -3.702800
-0.182840 -3.671800
-0.400530 -3.626600
-0.614820 -3.567600
-0.824880 -3.495100
-1.029900 -3.409200
-1.229100 -3.310600
-1.421600 -3.199400
-1.606900 -3.076300
-1.784200 -2.941800
-1.952800 -2.796300
-2.112200 -2.640600
-2.261700 -2.475200
-2.400900 -2.300800
-2.529400 -2.118100
-2.646700 -1.927900
-2.752400 -1.730900
-2.846300 -1.527700
-2.928100 -1.319300
-2.997600 -1.106300
-3.054600 -0.889560
-3.099100 -0.669800
-3.130900 -0.447780
-3.150000 -0.224260
-3.156400 -0.000000
-3.150000 0.224260
-3.130900 0.447780
-3.099100 0.669800
-3.054600 0.889560
-2.997600 1.106300
-2.928100 1.319300
-2.846300 1.527700
-2.752400 1.730900
-2.646700 1.927900
-2.529400 2.118100
-2.400900 2.300800
-2.261700 2.475200
-2.112200 2.640600
-1.952800 2.796300
-1.784200 2.941800
-1.606900 3.076300
-1.421600 3.199400
-1.229100 3.310600
-1.029900 3.409200
-0.824880 3.495100
-0.614820 3.567600
-0.400530 3.626600
-0.182840 3.671800
0.037401 3.702800
0.259310 3.719600
0.482010 3.722100
0.704600 3.710100
0.926170 3.683700
1.145800 3.643000
1.362600 3.588000
1.575700 3.518900
1.784200 3.436000
1.987100 3.339700
2.183700 3.230200
2.373100 3.108100
2.554400 2.973800
2.727000 2.828000
2.890200 2.671200
3.043200 2.504200
3.185600 2.327800
3.316700 2.142700
3.436200 1.949700
3.543700 1.749800
3.638800 1.543700
3.721500 1.332500
3.791600 1.116800
3.848900 0.897560
3.893400 0.675530
3.925300 0.451470
3.944300 0.226060
3.950700 0.000000
3.944300 -0.226060
4.600900 -0.264270
4.578100 -0.527760
4.540100 -0.789660
4.487100 -1.049200
4.418900 -1.305400
4.335700 -1.557500
4.237600 -1.804500
4.124800 -2.045400
3.997700 -2.279400
3.856400 -2.505400
3.701400 -2.722400
3.533200 -2.929600
3.352400 -3.125800
3.159600 -3.310400
2.955500 -3.482300
2.741100 -3.640900
2.517000 -3.785400
2.284300 -3.915100
2.043900 -4.029500
1.796900 -4.128100
1.544200 -4.210500
1.286900 -4.276300
1.026100 -4.325200
0.762850 -4.357200
0.498350 -4.372000
0.233640 -4.369700
-0.030178 -4.350400
-0.292040 -4.314100
-0.550870 -4.261100
-0.805630 -4.191600
-1.055300 -4.106000
-1.298900 -4.004700
-1.535500 -3.888200
-1.764200 -3.757000
-1.984100 -3.611700
-2.194400 -3.452900
-2.394400 -3.281400
-2.583200 -3.097800
-2.760400 -2.903000
-2.925200 -2.697700
-3.077300 -2.482900
-3.216000 -2.259300
-3.341000 -2.027800
-3.452000 -1.789500
-3.548700 -1.545000
-3.630900 -1.295300
-3.698300 -1.041400
-3.750900 -0.784020
-3.788500 -0.524090
-3.811100 -0.262470
-3.818600 -0.000000
-3.811100 0.262470
-3.788500 0.524090
-3.750900 0.784020
-3.698300 1.041400
-3.630900 1.295300
-3.548700 1.545000
-3.452000 1.789500
-3.341000 2.027800
-3.216000 2.259300
-3.077300 2.482900
-2.925200 2.697700
-2.760400 2.903000
-2.583200 3.097800
-2.394400 3.281400
-2.194400 3.452900
-1.984100 3.611700
-1.764200 3.757000
-1.535500 3.888200
-1.298900 4.004700
-1.055300 4.106000
-0.805630 4.191600
-0.550870 4.261100
-0.292040 4.314100
-0.030178 4.350400
0.233640 4.369700
0.498350 4.372000
0.762850 4.357200
1.026100 4.325200
1.286900 4.276300
1.544200 4.210500
1.796900 4.128100
2.043900 4.029500
2.284300 3.915100
2.517000 3.785400
2.741100 3.640900
2.955500 3.482300
3.159600 3.310400
3.352400 3.125800
3.533200 2.929600
3.701400 2.722400
3.856400 2.505400
3.997700 2.279400
4.124800 2.045400
4.237600 1.804500
4.335700 1.557500
4.418900 1.305400
4.487100 1.049200
4.540100 0.789660
4.578100 0.527760
4.600900 0.264270
4.608400 0.000000
4.600900 -0.264270
5.388200 -0.310870
5.360900 -0.620780
5.315500 -0.928750
5.252000 -1.233800
5.170600 -1.534900
5.071300 -1.831000
4.954500 -2.121100
4.820300 -2.404000
4.669100 -2.678700
4.501300 -2.944100
4.317300 -3.199000
4.117900 -3.442400
3.903600 -3.673200
3.675100 -3.890300
3.433400 -4.092800
3.179400 -4.279700
2.913900 -4.450200
2.638200 -4.603500
2.353200 -4.738800
2.060200 -4.855600
1.760500 -4.953400
1.455200 -5.031700
1.145600 -5.090100
0.833130 -5.128500
0.518990 -5.146600
0.204520 -5.144600
-0.108960 -5.122300
-0.420160 -5.079900
-0.727790 -5.017800
-1.030600 -4.936100
-1.327400 -4.835400
-1.617000 -4.716100
-1.898200 -4.578800
-2.170100 -4.424100
-2.431400 -4.252800
-2.681400 -4.065600
-2.919000 -3.863400
-3.143500 -3.647100
-3.354000 -3.417500
-3.550000 -3.175700
-3.730700 -2.922600
-3.895600 -2.659300
-4.044300 -2.386800
-4.176300 -2.106100
-4.291300 -1.818400
-4.389100 -1.524500
-4.469400 -1.225600
-4.531900 -0.922720
-4.576700 -0.616810
-4.603600 -0.308900
-4.612600 -0.000000
-4.603600 0.308900
-4.576700 0.616810
-4.531900 0.922720
-4.469400 1.225600
-4.389100 1.524500
-4.291300 1.818400
-4.176300 2.106100
-4.044300 2.386800
-3.895600 2.659300
-3.730700 2.922600
-3.550000 3.175700
-3.354000 3.417500
-3.143500 3.647100
-2.919000 3.863400
-2.681400 4.065600
-2.431400 4.252800
-2.170100 4.424100
-1.898200 4.578800
-1.617000 4.716100
-1.327400 4.835400
-1.030600 4.936100
-0.727790 5.017800
-0.420160 5.079900
-0.108960 5.122300
0.204520 5.144600
0.518990 5.146600
0.833130 5.128500
1.145600 5.090100
1.455200 5.031700
1.760500 4.953400
2.060200 4.855600
2.353200 4.738800
2.638200 4.603500
2.913900 4.450200
3.179400 4.279700
3.433400 4.092800
3.675100 3.890300
3.903600 3.673200
4.117900 3.442400
4.317300 3.199000
4.501300 2.944100
4.669100 2.678700
4.820300 2.404000
4.954500 2.121100
5.071300 1.831000
5.170600 1.534900
5.252000 1.233800
5.315500 0.928750
5.360900 0.620780
5.388200 0.310870
5.397300 0.000000
5.388200 -0.310870
6.330900 -0.367390
6.298200 -0.733590
6.243700 -1.097400
6.167700 -1.457600
6.070200 -1.813000
5.951500 -2.162300
5.811900 -2.504300
5.651800 -2.837800
5.471600 -3.161400
5.271700 -3.473900
5.052900 -3.774100
4.815800 -4.060600
4.561100 -4.332300
4.289900 -4.587900
4.003000 -4.826400
3.701500 -5.046700
3.386600 -5.247700
3.059500 -5.428500
2.721400 -5.588400
2.373900 -5.726400
2.018300 -5.842100
1.656000 -5.934900
1.288600 -6.004400
0.917620 -6.050200
0.544620 -6.072200
0.171160 -6.070300
-0.201210 -6.044500
-0.570950 -5.995100
-0.936530 -5.922200
-1.296500 -5.826300
-1.649300 -5.707900
-1.993600 -5.567500
-2.328100 -5.405800
-2.651400 -5.223600
-2.962400 -5.021700
-3.259900 -4.801000
-3.542700 -4.562600
-3.810000 -4.307500
-4.060900 -4.036700
-4.294300 -3.751400
-4.509800 -3.452700
-4.706500 -3.142000
-4.883900 -2.820300
-5.041500 -2.488900
-5.178900 -2.149000
-5.295700 -1.801800
-5.391700 -1.448700
-5.466600 -1.090700
-5.520100 -0.729130
-5.552300 -0.365160
-5.563100 -0.000000
-5.552300 0.365160
-5.520100 0.729130
-5.466600 1.090700
-5.391700 1.448700
-5.295700 1.801800
-5.178900 2.149000
-5.041500 2.488900
-4.883900 2.820300
-4.706500 3.142000
-4.509800 3.452700
-4.294300 3.751400
-4.060900 4.036700
-3.810000 4.307500
-3.542700 4.562600
-3.259900 4.801000
-2.962400 5.021700
-2.651400 5.223600
-2.328100 5.405800
-1.993600 5.567500
-1.649300 5.707900
-1.296500 5.826300
-0.936530 5.922200
-0.570950 5.995100
-0.201210 6.044500
0.171160 6.070300
0.544620 6.072200
0.917620 6.050200
1.288600 6.004400
1.656000 5.934900
2.018300 5.842100
2.373900 5.726400
2.721400 5.588400
3.059500 5.428500
3.386600 5.247700
3.701500 5.046700
4.003000 4.826400
4.289900 4.587900
4.561100 4.332300
4.815800 4.060600
5.052900 3.774100
5.271700 3.473900
5.471600 3.161400
5.651800 2.837800
5.811900 2.504300
5.951500 2.162300
6.070200 1.813000
6.167700 1.457600
6.243700 1.097400
6.298200 0.733590
6.330900 0.367390
6.341800 0.000000
6.330900 -0.367390
7.458500 -0.435670
7.419200 -0.869860
7.354000 -1.301100
7.262800 -1.727900
7.146100 -2.148800
7.004100 -2.562300
6.837100 -2.967000
6.645800 -3.361200
6.430600 -3.743700
6.192200 -4.112700
5.931300 -4.467100
5.648900 -4.805200
5.345900 -5.125700
5.023300 -5.427200
4.682200 -5.708400
4.324000 -5.968200
3.950000 -6.205300
3.561500 -6.418600
3.160200 -6.607200
2.747700 -6.770300
2.325500 -6.907000
1.895500 -7.016800
1.459400 -7.099100
1.019000 -7.153500
0.576080 -7.180000
0.132570 -7.178200
-0.309740 -7.148400
-0.749020 -7.090600
-1.183500 -7.005100
-1.611300 -6.892500
-2.030900 -6.753200
-2.440400 -6.587900
-2.838400 -6.397400
-3.223200 -6.182700
-3.593500 -5.944600
-3.947900 -5.684300
-4.285000 -5.402800
-4.603700 -5.101500
-4.903000 -4.781600
-5.181700 -4.444400
-5.439000 -4.091300
-5.674100 -3.723700
-5.886200 -3.342900
-6.074800 -2.950600
-6.239300 -2.548000
-6.379200 -2.136700
-6.494100 -1.718100
-6.583900 -1.293600
-6.648100 -0.864850
-6.686700 -0.433150
-6.699600 -0.000000
-6.686700 0.433150
-6.648100 0.864850
-6.583900 1.293600
-6.494100 1.718100
-6.379200 2.136700
-6.239300 2.548000
-6.074800 2.950600
-5.886200 3.342900
-5.674100 3.723700
-5.439000 4.091300
-5.181700 4.444400
-4.903000 4.781600
-4.603700 5.101500
-4.285000 5.402800
-3.947900 5.684300
-3.593500 5.944600
-3.223200 6.182700
-2.838400 6.397400
-2.440400 6.587900
-2.030900 6.753200
-1.611300 6.892500
-1.183500 7.005100
-0.749020 7.090600
-0.309740 7.148400
0.132570 7.178200
0.576080 7.180000
1.019000 7.153500
1.459400 7.099100
1.895500 7.016800
2.325500 6.907000
2.747700 6.770300
3.160200 6.607200
3.561500 6.418600
3.950000 6.205300
4.324000 5.968200
4.682200 5.708400
5.023300 5.427200
5.345900 5.125700
5.648900 4.805200
5.931300 4.467100
6.192200 4.112700
6.430600 3.743700
6.645800 3.361200
6.837100 2.967000
7.004100 2.562300
7.146100 2.148800
7.262800 1.727900
7.354000 1.301100
7.419200 0.869860
7.458500 0.435670
7.471600 0.000000
7.458500 -0.435670
8.806900 -0.517900
8.759900 -1.034000
8.681600 -1.546500
8.572400 -2.053500
8.432600 -2.553300
8.262500 -3.044200
8.062800 -3.524200
7.833900 -3.991600
7.576800 -4.444700
7.292200 -4.881800
6.980900 -5.301100
6.644200 -5.701100
6.283100 -6.080000
5.898900 -6.436300
5.493000 -6.768600
5.066900 -7.075400
4.622100 -7.355300
4.160400 -7.607200
3.683600 -7.830000
3.193500 -8.022600
2.692100 -8.184100
2.181400 -8.313900
1.663500 -8.411400
1.140400 -8.476000
0.614380 -8.507600
0.087538 -8.506000
-0.437970 -8.471300
-0.959990 -8.403500
-1.476400 -8.303100
-1.985100 -8.170600
-2.484200 -8.006600
-2.971500 -7.811800
-3.445200 -7.587200
-3.903600 -7.333800
-4.344800 -7.052600
-4.767200 -6.745100
-5.169300 -6.412400
-5.549700 -6.056000
-5.907000 -5.677400
-6.240000 -5.278100
-6.547700 -4.859700
-6.828900 -4.423900
-7.082900 -3.972300
-7.308700 -3.506700
-7.505800 -3.028700
-7.673600 -2.540200
-7.811500 -2.042700
-7.919100 -1.538300
-7.996300 -1.028500
-8.042600 -0.515110
-8.058100 -0.000000
-8.042600 0.515110
-7.996300 1.028500
-7.919100 1.538300
-7.811500 2.042700
-7.673600 2.540200
-7.505800 3.028700
-7.308700 3.506700
-7.082900 3.972300
-6.828900 4.423900
-6.547700 4.859700
-6.240000 5.278100
-5.907000 5.677400
-5.549700 6.056000
-5.169300 6.412400
-4.767200 6.745100
-4.344800 7.052600
-3.903600 7.333800
-3.445200 7.587200
-2.971500 7.811800
-2.484200 8.006600
-1.985100 8.170600
-1.476400 8.303100
-0.959990 8.403500
-0.437970 8.471300
0.087538 8.506000
0.614380 8.507600
1.140400 8.476000
1.663500 8.411400
2.181400 8.313900
2.692100 8.184100
3.193500 8.022600
3.683600 7.830000
4.160400 7.607200
4.622100 7.355300
5.066900 7.075400
5.493000 6.768600
5.898900 6.436300
6.283100 6.080000
6.644200 5.701100
6.980900 5.301100
7.292200 4.881800
7.576800 4.444700
7.833900 3.991600
8.062800 3.524200
8.262500 3.044200
8.432600 2.553300
8.572400 2.053500
8.681600 1.546500
8.759900 1.034000
8.806900 0.517900
8.822600 0.000000
8.806900 -0.517900
10.420000 -0.616770
10.363000 -1.231300
10.269000 -1.841500
10.139000 -2.445000
9.971000 -3.039700
9.767400 -3.623400
9.528400 -4.194100
9.254700 -4.749500
8.947300 -5.287600
8.607300 -5.806400
8.235600 -6.303800
7.833800 -6.778000
7.403200 -7.227000
6.945200 -7.649000
6.461700 -8.042300
5.954300 -8.405400
5.425000 -8.736600
4.875700 -9.034500
4.308700 -9.297900
3.726000 -9.525700
3.130000 -9.716800
2.523000 -9.870300
1.907500 -9.985700
1.285900 -10.062000
0.660780 -10.100000
0.034628 -10.099000
-0.590020 -10.058000
-1.210700 -9.978300
-1.824800 -9.860100
-2.430000 -9.703900
-3.023800 -9.510400
-3.604000 -9.280500
-4.168200 -9.015100
-4.714300 -8.715600
-5.240300 -8.383100
-5.744200 -8.019100
-6.224100 -7.625100
-6.678300 -7.202800
-7.105300 -6.753900
-7.503400 -6.280200
-7.871400 -5.783600
-8.208000 -5.265900
-8.512200 -4.729300
-8.782800 -4.175600
-9.019100 -3.607000
-9.220300 -3.025600
-9.385700 -2.433400
-9.514900 -1.832600
-9.607500 -1.225300
-9.663200 -0.613740
-9.681700 -0.000000
-9.663200 0.613740
-9.607500 1.225300
-9.514900 1.832600
-9.385700 2.433400
-9.220300 3.025600
-9.019100 3.607000
-8.782800 4.175600
-8.512200 4.729300
-8.208000 5.265900
-7.871400 5.783600
-7.503400 6.280200
-7.105300 6.753900
-6.678300 7.202800
-6.224100 7.625100
-5.744200 8.019100
-5.240300 8.383100
-4.714300 8.715600
-4.168200 9.015100
-3.604000 9.280500
-3.023800 9.510400
-2.430000 9.703900
-1.824800 9.860100
-1.210700 9.978300
-0.590020 10.058000
0.034628 10.099000
0.660780 10.100000
1.285900 10.062000
1.907500 9.985700
2.523000 9.870300
3.130000 9.716800
3.726000 9.525700
4.308700 9.297900
4.875700 9.034500
5.425000 8.736600
5.954300 8.405400
6.461700 8.042300
6.945200 7.649000
7.403200 7.227000
7.833800 6.778000
8.235600 6.303800
8.607300 5.806400
8.947300 5.287600
9.254700 4.749500
9.528400 4.194100
9.767400 3.623400
9.971000 3.039700
10.139000 2.445000
10.269000 1.841500
10.363000 1.231300
10.420000 0.616770
10.438000 0.000000
10.420000 -0.616770
12.349000 -0.735460
12.281000 -1.468200
12.169000 -2.195600
12.012000 -2.915000
11.811000 -3.623700
11.568000 -4.319100
11.282000 -4.998600
10.954000 -5.659700
10.587000 -6.300000
10.180000 -6.916900
9.736500 -7.508100
9.256700 -8.071400
8.742800 -8.604500
8.196600 -9.105400
7.620100 -9.572000
7.015500 -10.002000
6.385000 -10.395000
5.731000 -10.748000
5.056000 -11.060000
4.362600 -11.330000
3.653500 -11.556000
2.931500 -11.738000
2.199500 -11.875000
1.460300 -11.966000
0.716830 -12.011000
-0.027883 -12.010000
-0.770900 -11.962000
-1.509300 -11.868000
-2.240100 -11.728000
-2.960400 -11.544000
-3.667500 -11.315000
-4.358600 -11.043000
-5.030900 -10.729000
-5.682000 -10.374000
-6.309400 -9.980200
-6.910700 -9.548700
-7.483700 -9.081300
-8.026300 -8.580000
-8.536600 -8.046800
-9.012700 -7.483800
-9.453100 -6.893300
-9.856000 -6.277400
-10.220000 -5.638600
-10.545000 -4.979200
-10.828000 -4.301800
-11.069000 -3.608800
-11.268000 -2.902700
-11.423000 -2.186200
-11.534000 -1.461900
-11.601000 -0.732250
-11.623000 -0.000000
-11.601000 0.732250
-11.534000 1.461900
-11.423000 2.186200
-11.268000 2.902700
-11.069000 3.608800
-10.828000 4.301800
-10.545000 4.979200
-10.220000 5.638600
-9.856000 6.277400
-9.453100 6.893300
-9.012700 7.483800
-8.536600 8.046800
-8.026300 8.580000
-7.483700 9.081300
-6.910700 9.548700
-6.309400 9.980200
-5.682000 10.374000
-5.030900 10.729000
-4.358600 11.043000
-3.667500 11.315000
-2.960400 11.544000
-2.240100 11.728000
-1.509300 11.868000
-0.770900 11.962000
-0.027883 12.010000
0.716830 12.011000
1.460300 11.966000
2.199500 11.875000
2.931500 11.738000
3.653500 11.556000
4.362600 11.330000
5.056000 11.060000
5.731000 10.748000
6.385000 10.395000
7.015500 10.002000
7.620100 9.572000
8.196600 9.105400
8.742800 8.604500
9.256700 8.071400
9.736500 7.508100
10.180000 6.916900
10.587000 6.300000
10.954000 5.659700
11.282000 4.998600
11.568000 4.319100
11.811000 3.623700
12.012000 2.915000
12.169000 2.195600
12.281000 1.468200
12.349000 0.735460
12.371000 0.000000
12.349000 -0.735460
14.657000 -0.877850
14.576000 -1.752500
14.442000 -2.620500
14.254000 -3.478900
14.014000 -4.324400
13.722000 -5.153800
13.380000 -5.964000
12.988000 -6.752000
12.549000 -7.514800
12.063000 -8.249600
11.533000 -8.953500
10.960000 -9.623900
10.346000 -10.258000
9.694300 -10.854000
9.006600 -11.408000
8.285600 -11.920000
7.533900 -12.386000
6.754600 -12.805000
5.950400 -13.176000
5.124600 -13.496000
4.280300 -13.764000
3.420700 -13.980000
2.549300 -14.143000
1.669400 -14.251000
0.784440 -14.304000
-0.102030 -14.303000
-0.986570 -14.247000
-1.865700 -14.136000
-2.736000 -13.971000
-3.594100 -13.752000
-4.436500 -13.481000
-5.260200 -13.159000
-6.061900 -12.786000
-6.838500 -12.365000
-7.587100 -11.897000
-8.305000 -11.385000
-8.989400 -10.829000
-9.637800 -10.233000
-10.248000 -9.598700
-10.817000 -8.928600
-11.344000 -8.225300
-11.827000 -7.491600
-12.263000 -6.730100
-12.651000 -5.943900
-12.991000 -5.135800
-13.280000 -4.308900
-13.518000 -3.466200
-13.704000 -2.610800
-13.837000 -1.745800
-13.917000 -0.874510
-13.944000 -0.000000
-13.917000 0.874510
-13.837000 1.745800
-13.704000 2.610800
-13.518000 3.466200
-13.280000 4.308900
-12.991000 5.135800
-12.651000 5.943900
-12.263000 6.730100
-11.827000 7.491600
-11.344000 8.225300
-10.817000 8.928600
-10.248000 9.598700
-9.637800 10.233000
-8.989400 10.829000
-8.305000 11.385000
-7.587100 11.897000
-6.838500 12.365000
-6.061900 12.786000
-5.260200 13.159000
-4.436500 13.481000
-3.594100 13.752000
-2.736000 13.971000
-1.865700 14.136000
-0.986570 14.247000
-0.102030 14.303000
0.784440 14.304000
1.669400 14.251000
2.549300 14.143000
3.420700 13.980000
4.280300 13.764000
5.124600 13.496000
5.950400 13.176000
6.754600 12.805000
7.533900 12.386000
8.285600 11.920000
9.006600 11.408000
9.694300 10.854000
10.346000 10.258000
10.960000 9.623900
11.533000 8.953500
12.063000 8.249600
12.549000 7.514800
12.988000 6.752000
13.380000 5.964000
13.722000 5.153800
14.014000 4.324400
14.254000 3.478900
14.442000 2.620500
14.576000 1.752500
14.657000 0.877850
14.684000 0.000000
14.657000 -0.877850
17.420000 -1.048600
17.324000 -2.093200
17.163000 -3.130000
16.938000 -4.155100
16.651000 -5.164600
16.302000 -6.154700
15.892000 -7.121800
15.424000 -8.062100
14.899000 -8.972100
14.318000 -9.848300
13.684000 -10.687000
12.999000 -11.486000
12.266000 -12.242000
11.488000 -12.951000
10.667000 -13.612000
9.806800 -14.220000
8.910200 -14.775000
7.980700 -15.274000
7.021900 -15.714000
6.037500 -16.095000
5.031200 -16.415000
4.006900 -16.671000
2.968600 -16.864000
1.920200 -16.993000
0.865940 -17.057000
-0.190240 -17.055000
-1.244200 -16.989000
-2.291800 -16.857000
-3.329100 -16.661000
-4.351900 -16.402000
-5.356500 -16.080000
-6.338900 -15.697000
-7.295300 -15.254000
-8.222100 -14.754000
-9.115900 -14.198000
-9.973200 -13.588000
-10.791000 -12.926000
-11.566000 -12.216000
-12.295000 -11.461000
-12.977000 -10.662000
-13.607000 -9.823500
-14.184000 -8.948300
-14.707000 -8.039700
-15.172000 -7.101200
-15.579000 -6.136400
-15.925000 -5.148700
-16.211000 -4.142000
-16.434000 -3.120000
-16.593000 -2.086400
-16.689000 -1.045100
-16.722000 -0.000000
-16.689000 1.045100
-16.593000 2.086400
-16.434000 3.120000
-16.211000 4.142000
-15.925000 5.148700
-15.579000 6.136400
-15.172000 7.101200
-14.707000 8.039700
-14.184000 8.948300
-13.607000 9.823500
-12.977000 10.662000
-12.295000 11.461000
-11.566000 12.216000
-10.791000 12.926000
-9.973200 13.588000
-9.115900 14.198000
-8.222100 14.754000
-7.295300 15.254000
-6.338900 15.697000
-5.356500 16.080000
-4.351900 16.402000
-3.329100 16.661000
-2.291800 16.857000
-1.244200 16.989000
-0.190240 17.055000
0.865940 17.057000
1.920200 16.993000
2.968600 16.864000
4.006900 16.671000
5.031200 16.415000
6.037500 16.095000
7.021900 15.714000
7.980700 15.274000
8.910200 14.775000
9.806800 14.220000
10.667000 13.612000
11.488000 12.951000
12.266000 12.242000
12.999000 11.486000
13.684000 10.687000
14.318000 9.848300
14.899000 8.972100
15.424000 8.062100
15.892000 7.121800
16.302000 6.154700
16.651000 5.164600
16.938000 4.155100
17.163000 3.130000
17.324000 2.093200
17.420000 1.048600
17.453000 0.000000
17.420000 -1.048600
20.730000 -1.253200
20.614000 -2.501700
20.421000 -3.740700
20.153000 -4.965600
19.809000 -6.171800
19.391000 -7.354700
18.902000 -8.509800
18.342000 -9.632800
17.713000 -10.719000
17.019000 -11.765000
16.261000 -12.767000
15.443000 -13.720000
14.567000 -14.622000
13.638000 -15.468000
12.657000 -16.255000
11.630000 -16.981000
10.560000 -17.642000
9.450400 -18.236000
8.306400 -18.761000
7.132000 -19.214000
5.931600 -19.595000
4.709900 -19.901000
3.471600 -20.131000
2.221400 -20.284000
0.964160 -20.360000
-0.295350 -20.359000
-1.552300 -20.280000
-2.801800 -20.123000
-4.039000 -19.891000
-5.259400 -19.582000
-6.458000 -19.199000
-7.630500 -18.743000
-8.772200 -18.216000
-9.879000 -17.620000
-10.947000 -16.957000
-11.971000 -16.230000
-12.948000 -15.442000
-13.875000 -14.596000
-14.747000 -13.694000
-15.562000 -12.741000
-16.316000 -11.740000
-17.007000 -10.695000
-17.632000 -9.610100
-18.190000 -8.489000
-18.677000 -7.336100
-19.092000 -6.155800
-19.434000 -4.952400
-19.701000 -3.730600
-19.892000 -2.494800
-20.008000 -1.249700
-20.046000 -0.000000
-20.008000 1.249700
-19.892000 2.494800
-19.701000 3.730600
-19.434000 4.952400
-19.092000 6.155800
-18.677000 7.336100
-18.190000 8.489000
-17.632000 9.610100
-17.007000 10.695000
-16.316000 11.740000
-15.562000 12.741000
-14.747000 13.694000
-13.875000 14.596000
-12.948000 15.442000
-11.971000 16.230000
-10.947000 16.957000
-9.879000 17.620000
-8.772200 18.216000
-7.630500 18.743000
-6.458000 19.199000
-5.259400 19.582000
-4.039000 19.891000
-2.801800 20.123000
-1.552300 20.280000
-0.295350 20.359000
0.964160 20.360000
2.221400 20.284000
3.471600 20.131000
4.709900 19.901000
5.931600 19.595000
7.132000 19.214000
8.306400 18.761000
9.450400 18.236000
10.560000 17.642000
11.630000 16.981000
12.657000 16.255000
13.638000 15.468000
14.567000 14.622000
15.443000 13.720000
16.261000 12.767000
17.019000 11.765000
17.713000 10.719000
18.342000 9.632800
18.902000 8.509800
19.391000 7.354700
19.809000 6.171800
20.153000 4.965600
20.421000 3.740700
20.614000 2.501700
20.730000 1.253200
20.769000 0.000000
20.730000 -1.253200
24.695000 -1.498500
24.556000 -2.991200
24.326000 -4.472700
24.004000 -5.937100
23.593000 -7.379100
23.093000 -8.793100
22.508000 -10.174000
21.838000 -11.516000
21.086000 -12.814000
20.256000 -14.064000
19.350000 -15.260000
18.372000 -16.399000
17.326000 -17.475000
16.215000 -18.485000
15.043000 -19.425000
13.816000 -20.291000
12.538000 -21.080000
11.213000 -21.789000
9.846900 -22.416000
8.444700 -22.957000
7.011700 -23.411000
5.553400 -23.775000
4.075300 -24.050000
2.583100 -24.233000
1.082500 -24.324000
-0.420800 -24.323000
-1.921100 -24.229000
-3.412600 -24.043000
-4.889600 -23.765000
-6.346600 -23.398000
-7.777900 -22.941000
-9.178100 -22.398000
-10.542000 -21.769000
-11.864000 -21.059000
-13.140000 -20.268000
-14.364000 -19.400000
-15.532000 -18.460000
-16.640000 -17.449000
-17.684000 -16.373000
-18.658000 -15.234000
-19.561000 -14.039000
-20.388000 -12.790000
-21.137000 -11.493000
-21.804000 -10.153000
-22.387000 -8.774500
-22.884000 -7.363000
-23.294000 -5.923900
-23.614000 -4.462500
-23.843000 -2.984400
-23.981000 -1.495000
-24.027000 -0.000000
-23.981000 1.495000
-23.843000 2.984400
-23.614000 4.462500
-23.294000 5.923900
-22.884000 7.363000
-22.387000 8.774500
-21.804000 10.153000
-21.137000 11.493000
-20.388000 12.790000
-19.561000 14.039000
-18.658000 15.234000
-17.684000 16.373000
-16.640000 17.449000
-15.532000 18.460000
-14.364000 19.400000
-13.140000 20.268000
-11.864000 21.059000
-10.542000 21.769000
-9.178100 22.398000
-7.777900 22.941000
-6.346600 23.398000
-4.889600 23.765000
-3.412600 24.043000
-1.921100 24.229000
-0.420800 24.323000
1.082500 24.324000
2.583100 24.233000
4.075300 24.050000
5.553400 23.775000
7.011700 23.411000
8.444700 22.957000
9.846900 22.416000
11.213000 21.789000
12.538000 21.080000
13.816000 20.291000
15.043000 19.425000
16.215000 18.485000
17.326000 17.475000
18.372000 16.399000
19.350000 15.260000
20.256000 14.064000
21.086000 12.814000
21.838000 11.516000
22.508000 10.174000
23.093000 8.793100
23.593000 7.379100
24.004000 5.937100
24.326000 4.472700
24.556000 2.991200
24.695000 1.498500
24.741000 0.000000
24.695000 -1.498500
29.447000 -1.792400
29.281000 -3.577900
29.005000 -5.349900
28.620000 -7.101500
28.128000 -8.826100
27.531000 -10.517000
26.830000 -12.168000
26.029000 -13.773000
25.130000 -15.325000
24.137000 -16.820000
23.054000 -18.250000
21.884000 -19.611000
20.633000 -20.897000
19.305000 -22.104000
17.905000 -23.227000
16.438000 -24.262000
14.910000 -25.205000
13.327000 -26.052000
11.695000 -26.800000
10.020000 -27.446000
8.307700 -27.988000
6.565700 -28.424000
4.800000 -28.752000
3.017600 -28.971000
1.225100 -29.080000
-0.570630 -29.078000
-2.362800 -28.966000
-4.144500 -28.745000
-5.909100 -28.414000
-7.649900 -27.975000
-9.360100 -27.431000
-11.033000 -26.782000
-12.663000 -26.032000
-14.244000 -25.183000
-15.769000 -24.238000
-17.233000 -23.202000
-18.630000 -22.078000
-19.955000 -20.871000
-21.203000 -19.584000
-22.369000 -18.224000
-23.449000 -16.794000
-24.439000 -15.301000
-25.335000 -13.750000
-26.134000 -12.147000
-26.832000 -10.499000
-27.428000 -8.810100
-27.918000 -7.088400
-28.301000 -5.339800
-28.576000 -3.571100
-28.741000 -1.788900
-28.796000 -0.000000
-28.741000 1.788900
-28.576000 3.571100
-28.301000 5.339800
-27.918000 7.088400
-27.428000 8.810100
-26.832000 10.499000
-26.134000 12.147000
-25.335000 13.750000
-24.439000 15.301000
-23.449000 16.794000
-22.369000 18.224000
-21.203000 19.584000
-19.955000 20.871000
-18.630000 22.078000
-17.233000 23.202000
-15.769000 24.238000
-14.244000 25.183000
-12.663000 26.032000
-11.033000 26.782000
-9.360100 27.431000
-7.649900 27.975000
-5.909100 28.414000
-4.144500 28.745000
-2.362800 28.966000
-0.570630 29.078000
1.225100 29.080000
3.017600 28.971000
4.800000 28.752000
6.565700 28.424000
8.307700 27.988000
10.020000 27.446000
11.695000 26.800000
13.327000 26.052000
14.910000 25.205000
16.438000 24.262000
17.905000 23.227000
19.305000 22.104000
20.633000 20.897000
21.884000 19.611000
23.054000 18.250000
24.137000 16.820000
25.130000 15.325000
26.029000 13.773000
26.830000 12.168000
27.531000 10.517000
28.128000 8.826100
28.620000 7.101500
29.005000 5.349900
29.281000 3.577900
29.447000 1.792400
29.502000 0.000000
29.447000 -1.792400
35.143000 -2.144600
34.944000 -4.281100
34.614000 -6.401200
34.154000 -8.497000
33.565000 -10.560000
32.850000 -12.584000
32.012000 -14.559000
31.053000 -16.479000
29.978000 -18.336000
28.790000 -20.123000
27.495000 -21.834000
26.096000 -23.462000
24.600000 -25.000000
23.011000 -26.444000
21.337000 -27.787000
19.583000 -29.024000
17.757000 -30.152000
15.864000 -31.164000
13.912000 -32.059000
11.910000 -32.832000
9.863200 -33.480000
7.780700 -34.001000
5.670100 -34.393000
3.539500 -34.655000
1.396800 -34.785000
-0.749730 -34.784000
-2.892000 -34.650000
-5.022000 -34.386000
-7.131500 -33.990000
-9.212700 -33.466000
-11.257000 -32.816000
-13.258000 -32.041000
-15.207000 -31.144000
-17.098000 -30.129000
-18.922000 -29.001000
-20.673000 -27.762000
-22.344000 -26.418000
-23.929000 -24.974000
-25.422000 -23.435000
-26.818000 -21.808000
-28.111000 -20.098000
-29.295000 -18.312000
-30.368000 -16.456000
-31.324000 -14.538000
-32.160000 -12.565000
-32.873000 -10.545000
-33.460000 -8.484100
-33.918000 -6.391400
-34.247000 -4.274400
-34.445000 -2.141300
-34.511000 -0.000000
-34.445000 2.141300
-34.247000 4.274400
-33.918000 6.391400
-33.460000 8.484100
-32.873000 10.545000
-32.160000 12.565000
-31.324000 14.538000
-30.368000 16.456000
-29.295000 18.312000
-28.111000 20.098000
-26.818000 21.808000
-25.422000 23.435000
-23.929000 24.974000
-22.344000 26.418000
-20.673000 27.762000
-18.922000 29.001000
-17.098000 30.129000
-15.207000 31.144000
-13.258000 32.041000
-11.257000 32.816000
-9.212700 33.466000
-7.131500 33.990000
-5.022000 34.386000
-2.892000 34.650000
-0.749730 34.784000
1.396800 34.785000
3.539500 34.655000
5.670100 34.393000
7.780700 34.001000
9.863200 33.480000
11.910000 32.832000
13.912000 32.059000
15.864000 31.164000
17.757000 30.152000
19.583000 29.024000
21.337000 27.787000
23.011000 26.444000
24.600000 25.000000
26.096000 23.462000
27.495000 21.834000
28.790000 20.123000
29.978000 18.336000
31.053000 16.479000
32.012000 14.559000
32.850000 12.584000
33.565000 10.560000
34.154000 8.497000
34.614000 6.401200
34.944000 4.281100
35.143000 2.144600
35.209000 0.000000
35.143000 -2.144600
